# GR31310 calibration file, created 2018-04-03 16:16:35.525942
# Temperature	Resistance
# 		[K]				[Ohms]
# 
1.09556000e-01 3.77771900e+02
1.09556000e-01 3.77771900e+02
1.09556000e-01 3.77771900e+02
1.09556000e-01 3.77771900e+02
1.09556000e-01 3.77771900e+02
1.09556000e-01 3.77771900e+02
1.09556000e-01 3.77771900e+02
1.09556000e-01 3.77771900e+02
1.09556000e-01 3.77771900e+02
1.09556000e-01 3.77771900e+02
1.09556000e-01 3.77771900e+02
1.09556000e-01 3.77771900e+02
1.09556000e-01 3.77771900e+02
1.09556000e-01 3.77771900e+02
1.09556000e-01 3.77771900e+02
1.09556000e-01 3.77771900e+02
1.09556000e-01 3.77771900e+02
1.09556000e-01 3.77771900e+02
1.09556000e-01 3.77771900e+02
1.09556000e-01 3.77771900e+02
1.09556000e-01 3.77771900e+02
1.09556000e-01 3.77771900e+02
1.09556000e-01 3.77771900e+02
1.09556000e-01 3.77771900e+02
1.09556000e-01 3.77771900e+02
1.09556000e-01 3.77771900e+02
1.09556000e-01 3.77771900e+02
1.09556000e-01 3.77771900e+02
1.09556000e-01 3.77771900e+02
1.09556000e-01 3.77771900e+02
1.09556000e-01 3.77771900e+02
1.09556000e-01 3.77771900e+02
1.09556000e-01 3.77771900e+02
1.09556000e-01 3.77771900e+02
1.09556000e-01 3.77771900e+02
1.09556000e-01 3.77771900e+02
1.09556000e-01 3.77771900e+02
1.09556000e-01 3.77771900e+02
1.09556000e-01 3.77771900e+02
1.09556000e-01 3.77771900e+02
1.09556000e-01 3.77771900e+02
1.09556000e-01 3.77771900e+02
1.09556000e-01 3.77771900e+02
1.09556000e-01 3.77771900e+02
1.09556000e-01 3.77771900e+02
1.09556000e-01 3.77771900e+02
1.09556000e-01 3.77771900e+02
1.09556000e-01 3.77771900e+02
1.09556000e-01 3.77771900e+02
1.09556000e-01 3.77771900e+02
1.09556000e-01 3.77771900e+02
1.09556000e-01 3.77771900e+02
1.19133000e-01 3.55630200e+02
1.19133000e-01 3.49195300e+02
1.23999000e-01 3.48041800e+02
1.31632000e-01 3.39027100e+02
1.31858000e-01 3.30822900e+02
1.39445000e-01 3.29296300e+02
1.40841000e-01 3.29296300e+02
1.50845000e-01 3.25281500e+02
1.56025000e-01 3.03135200e+02
1.56025000e-01 2.93906600e+02
1.64873000e-01 2.92155400e+02
1.70880000e-01 2.84896700e+02
1.75133000e-01 2.79722000e+02
1.80062000e-01 2.73498800e+02
1.85012000e-01 2.66294400e+02
1.89620000e-01 2.63970000e+02
1.95671000e-01 2.61793400e+02
2.00437000e-01 2.59644800e+02
2.19828000e-01 2.59444300e+02
2.40569000e-01 2.58902400e+02
2.59244000e-01 2.58902400e+02
2.80130000e-01 2.54195000e+02
3.00573000e-01 2.30563200e+02
3.19841000e-01 2.16071600e+02
3.39932000e-01 1.99755300e+02
3.59988000e-01 1.85260300e+02
3.79679000e-01 1.71088500e+02
4.04364000e-01 1.60833900e+02
4.22256000e-01 1.50785400e+02
4.41998000e-01 1.40374000e+02
4.61525000e-01 1.33657000e+02
4.81929000e-01 1.26116500e+02
5.03785000e-01 1.19223800e+02
5.34062000e-01 1.10844700e+02
5.67035000e-01 1.03797200e+02
5.95381000e-01 9.84969400e+01
6.27083000e-01 9.30483000e+01
6.58282000e-01 8.75245300e+01
6.95274000e-01 8.23775600e+01
7.33180000e-01 7.77440300e+01
7.64325000e-01 7.41082300e+01
7.98295000e-01 7.07313300e+01
8.41829000e-01 6.74884700e+01
8.82778000e-01 6.55769500e+01
9.26806000e-01 6.20940100e+01
9.60863000e-01 6.08646900e+01
9.94273000e-01 5.83358800e+01
1.03497000e+00 5.57249300e+01
1.09509000e+00 5.30313300e+01
1.14359000e+00 4.56467300e+01
1.18303000e+00 3.17204200e+01
1.18303000e+00 3.17204200e+01
1.33202000e+00 3.05723500e+01
1.43101000e+00 2.93603500e+01
1.58738000e+00 2.65571200e+01
1.58738000e+00 2.65571200e+01
1.78642000e+00 2.48023200e+01
1.95407000e+00 2.40827200e+01
2.07736000e+00 2.30622200e+01
2.14068000e+00 2.25218800e+01
2.14068000e+00 2.25218800e+01
2.14068000e+00 2.25218800e+01
2.14068000e+00 2.25218800e+01
2.14068000e+00 2.25218800e+01
2.14068000e+00 2.25218800e+01
2.14068000e+00 2.25218800e+01
2.14068000e+00 2.25218800e+01
2.14068000e+00 2.25218800e+01
2.14068000e+00 2.25218800e+01
2.14068000e+00 2.25218800e+01
2.14068000e+00 2.25218800e+01
2.14068000e+00 2.25218800e+01
2.14068000e+00 2.25218800e+01
7.14412000e+00 1.90105000e+01
7.14412000e+00 1.90105000e+01
7.14412000e+00 1.90105000e+01
7.14412000e+00 1.90105000e+01
7.14412000e+00 1.90105000e+01
7.14412000e+00 1.90105000e+01
7.14412000e+00 1.90105000e+01
7.14412000e+00 1.90105000e+01
8.35084000e+00 1.86978000e+01
8.35084000e+00 1.86978000e+01
8.35084000e+00 1.86978000e+01
8.35084000e+00 1.86978000e+01
1.03195000e+01 1.86112100e+01
1.03195000e+01 1.86112100e+01
1.03195000e+01 1.86112100e+01
1.03195000e+01 1.86112100e+01
1.13898000e+01 1.85383400e+01
1.13898000e+01 1.85383400e+01
1.13898000e+01 1.85383400e+01
1.33541000e+01 1.84806800e+01
1.33541000e+01 1.84806800e+01
1.41429000e+01 1.83637800e+01
1.41429000e+01 1.83637800e+01
1.49709000e+01 1.82120500e+01
1.63430000e+01 1.79089500e+01
1.63430000e+01 1.79089500e+01
1.69809000e+01 1.77155300e+01
1.81233000e+01 1.74843600e+01
1.85790000e+01 1.72140900e+01
1.90663000e+01 1.69816800e+01
1.98632000e+01 1.67313000e+01
2.10544000e+01 1.61570600e+01
2.20641000e+01 1.54862500e+01
2.29093000e+01 1.45391300e+01
2.47483000e+01 1.35396200e+01
2.60165000e+01 1.29372900e+01
2.73377000e+01 1.22520200e+01
2.90182000e+01 1.13210800e+01
3.01478000e+01 1.06243600e+01
3.17188000e+01 9.83435100e+00
3.31848000e+01 9.10443600e+00
3.48495000e+01 8.53813400e+00
3.64161000e+01 7.92214400e+00
3.81295000e+01 7.47571600e+00
4.01125000e+01 6.97464000e+00
4.19679000e+01 6.48009000e+00
4.37478000e+01 6.10401000e+00
4.54765000e+01 5.71531800e+00
4.72586000e+01 5.43603300e+00
4.89681000e+01 5.13801200e+00
5.10917000e+01 4.83065700e+00
5.28088000e+01 4.60396000e+00
5.51610000e+01 4.36594300e+00
5.67588000e+01 4.18304600e+00
5.87858000e+01 3.96927000e+00
6.11110000e+01 3.80191800e+00
6.29912000e+01 3.65436200e+00
6.50000000e+01 3.50255400e+00
6.70957000e+01 3.38395900e+00
6.91446000e+01 3.27201800e+00
7.15821000e+01 3.14003100e+00
7.38538000e+01 3.02857900e+00
7.66476000e+01 2.92770200e+00
7.89757000e+01 2.83008800e+00
8.17520000e+01 2.74008400e+00
8.39553000e+01 2.67151100e+00
8.64982000e+01 2.60171000e+00
8.89283000e+01 2.55689200e+00
9.15360000e+01 2.50109700e+00
9.39710000e+01 2.45670000e+00
9.63089000e+01 2.42611400e+00
9.71452000e+01 2.41614400e+00
