11-08-17 20:02:36 0.0 0.0 0.0 6.58035e-05 0.000128746 0.0 5.1961207347e-07 4.1438831289999995e-06 0.0
11-08-17 20:02:38 0.0 0.0 0.12 6.58035e-05 0.000126839 0.000844955 5.1961207347e-07 4.022032980250001e-06 8.567387424299999e-05
11-08-17 20:02:40 0.0 0.0 0.169705627485 6.58035e-05 0.000126839 0.00119781 5.1961207347e-07 4.022032980250001e-06 0.00017216985553200002
11-08-17 20:02:42 0.0 0.0 0.207846096908 6.67572e-05 0.000130653 0.00144482 5.347828502208e-07 4.26755160225e-06 0.00025050057988800005
11-08-17 20:02:44 0.0 0.0 0.24 6.29425e-05 0.000127792 0.0016737 4.754109967500001e-07 4.082698816e-06 0.00033615260279999996
11-08-17 20:02:46 0.0 0.0 0.2683281573 5.34058e-05 0.000124931 0.00190449 3.4226153683680006e-07 3.90193869025e-06 0.000435249859212
11-08-17 20:02:48 0.0 0.212132034356 0.0 5.91278e-05 0.000956535 0.0 4.195316079408e-07 0.00022873980155625 0.0
11-08-17 20:02:50 0.0 0.212132034356 0.12 6.58035e-05 0.000898361 0.000825882 5.1961207347e-07 0.00020176312158024998 8.184972935088e-05
11-08-17 20:02:52 0.0 0.212132034356 0.169705627485 6.19888e-05 0.000892639 0.00121403 4.6111335905280005e-07 0.00019920109608025 0.000176864260908
11-08-17 20:02:54 0.0 0.212132034356 0.207846096908 6.10352e-05 0.000897408 0.00147629 4.4703547668480005e-07 0.00020133527961600003 0.00026153185969199995
11-08-17 20:02:56 0.0 0.212132034356 0.24 6.29425e-05 0.000894547 0.00169849 4.754109967500001e-07 0.00020005358380224998 0.000346184193612
11-08-17 20:02:58 0.0 0.212132034356 0.2683281573 6.48499e-05 0.000893593 0.0019083 5.046611436011999e-07 0.00019962711241225002 0.0004369930668
11-08-17 20:03:00 0.0 0.3 0.0 6.19888e-05 0.00121117 0.0 4.6111335905280005e-07 0.00036673319222499997 0.0
11-08-17 20:03:02 0.0 0.3 0.12 6.48499e-05 0.00122452 0.000864029 5.046611436011999e-07 0.0003748623076 8.958553354092e-05
11-08-17 20:03:04 0.0 0.3 0.169705627485 6.10352e-05 0.0012188 0.00119019 4.4703547668480005e-07 0.00037136835999999993 0.00016998626833200002
11-08-17 20:03:06 0.0 0.3 0.207846096908 5.91278e-05 0.00121784 0.00145245 4.195316079408e-07 0.0003707835664 0.0002531533203
11-08-17 20:03:08 0.0 0.3 0.24 6.58035e-05 0.00121498 0.00166607 5.1961207347e-07 0.0003690441001 0.000333094709388
11-08-17 20:03:10 0.0 0.3 0.2683281573 6.19888e-05 0.00121784 0.0018959 4.6111335905280005e-07 0.0003707835664 0.0004313324172
11-08-17 20:03:12 0.0 0.367423461417 0.0 6.10352e-05 0.00145721 0.0 4.4703547668480005e-07 0.000530865246025 0.0
11-08-17 20:03:14 0.0 0.367423461417 0.12 6.19888e-05 0.00146484 0.00086689 4.6111335905280005e-07 0.0005364390564 9.0179792652e-05
11-08-17 20:03:16 0.0 0.367423461417 0.169705627485 6.10352e-05 0.00146008 0.00119019 4.4703547668480005e-07 0.0005329584016 0.00016998626833200002
11-08-17 20:03:18 0.0 0.367423461417 0.207846096908 6.29425e-05 0.00145435 0.00145149 4.754109967500001e-07 0.000528783480625 0.00025281878641199995
11-08-17 20:03:20 0.0 0.367423461417 0.24 6.00815e-05 0.00146866 0.00168419 4.3317439706999994e-07 0.0005392405489000001 0.000340379514732
11-08-17 20:03:22 0.0 0.367423461417 0.2683281573 6.38962e-05 0.00146675 0.0018959 4.899269249328e-07 0.000537838890625 0.0004313324172
11-08-17 20:03:24 0.0 0.424264068712 0.0 6.29425e-05 0.00161362 0.0 4.754109967500001e-07 0.0006509423761 0.0
11-08-17 20:03:26 0.0 0.424264068712 0.12 6.19888e-05 0.00166321 0.00084877 4.6111335905280005e-07 0.0006915668760250001 8.6449261548e-05
11-08-17 20:03:28 0.0 0.424264068712 0.169705627485 5.53131e-05 0.00167084 0.00117207 3.6714468379319996e-07 0.0006979265764000001 0.00016484977018800003
11-08-17 20:03:30 0.0 0.424264068712 0.207846096908 6.00815e-05 0.00167274 0.00146675 4.3317439706999994e-07 0.0006995147769 0.0002581626675
11-08-17 20:03:32 0.0 0.424264068712 0.24 5.81741e-05 0.00167084 0.00170422 4.061071092972e-07 0.0006979265764000001 0.000348523897008
11-08-17 20:03:34 0.0 0.424264068712 0.2683281573 6.19888e-05 0.0016737 0.00186443 4.6111335905280005e-07 0.0007003179224999999 0.000417131906988
11-08-17 20:03:36 0.0 0.474341649025 0.0 6.19888e-05 0.00179672 0.0 4.6111335905280005e-07 0.0008070506896 0.0
11-08-17 20:03:38 0.0 0.474341649025 0.12 5.53131e-05 0.00184822 0.000845909 3.6714468379319996e-07 0.0008539792921 8.586744435372002e-05
11-08-17 20:03:40 0.0 0.474341649025 0.169705627485 6.00815e-05 0.00185204 0.00119591 4.3317439706999994e-07 0.0008575130403999999 0.00017162408737199998
11-08-17 20:03:42 0.0 0.474341649025 0.207846096908 6.29425e-05 0.00185204 0.00145817 4.754109967500001e-07 0.0008575130403999999 0.000255151169868
11-08-17 20:03:44 0.0 0.474341649025 0.24 5.81741e-05 0.00185394 0.00167942 4.061071092972e-07 0.0008592733809000002 0.000338454184368
11-08-17 20:03:46 0.0 0.474341649025 0.2683281573 6.10352e-05 0.00185299 0.00189495 4.4703547668480005e-07 0.0008583929850250001 0.00043090026030000004
11-08-17 20:03:48 0.657267069006 0.0 0.0 0.0050087 0.000123024 0.0 0.0030104490827999996 3.7837261440000007e-06 0.0
11-08-17 20:03:50 0.657267069006 0.0 0.12 0.00506496 0.000132561 0.000809669 0.0030784583761920004 4.3931046802500005e-06 7.866766674731999e-05
11-08-17 20:03:52 0.657267069006 0.0 0.169705627485 0.00506401 0.000124931 0.00119114 0.003077303673612 3.90193869025e-06 0.000170257739952
11-08-17 20:03:54 0.657267069006 0.0 0.207846096908 0.00506687 0.000126839 0.00145721 0.003080780591628 4.022032980250001e-06 0.000254815318092
11-08-17 20:03:56 0.657267069006 0.0 0.24 0.0050621 0.000119209 0.0017004 0.0030749827691999997 3.55269642025e-06 0.0003469632192
11-08-17 20:03:58 0.657267069006 0.0 0.2683281573 0.00506783 0.000125885 0.00191021 0.0030819481090679996 3.96175830625e-06 0.00043786826929200005
11-08-17 20:04:00 0.657267069006 0.212132034356 0.0 0.00506783 0.000972748 0.0 0.0030819481090679996 0.00023655966787599996 0.0
11-08-17 20:04:02 0.657267069006 0.212132034356 0.12 0.00506783 0.000885963 0.000827789 0.0030819481090679996 0.00019623260934225 8.222815542252e-05
11-08-17 20:04:04 0.657267069006 0.212132034356 0.169705627485 0.00506306 0.00090313 0.00119781 0.0030761491876320005 0.00020391094922500003 0.00017216985553200002
11-08-17 20:04:06 0.657267069006 0.212132034356 0.207846096908 0.00506306 0.000900269 0.00146294 0.0030761491876320005 0.00020262106809025 0.000256823213232
11-08-17 20:04:08 0.657267069006 0.212132034356 0.24 0.00506401 0.000901222 0.00166416 0.003077303673612 0.000203050273321 0.000332331420672
11-08-17 20:04:10 0.657267069006 0.212132034356 0.2683281573 0.00506496 0.000893593 0.0018959 0.0030784583761920004 0.00019962711241225002 0.0004313324172
11-08-17 20:04:12 0.657267069006 0.3 0.0 0.0050621 0.00122166 0.0 0.0030749827691999997 0.0003731132889 0.0
11-08-17 20:04:14 0.657267069006 0.3 0.12 0.00506401 0.00121117 0.000822067 0.003077303673612 0.00036673319222499997 8.109529829868e-05
11-08-17 20:04:16 0.657267069006 0.3 0.169705627485 0.00506115 0.00121784 0.00118065 0.0030738287187000004 0.0003707835664 0.00016727213070000002
11-08-17 20:04:18 0.657267069006 0.3 0.207846096908 0.00506401 0.00121689 0.00145245 0.003077303673612 0.000370205318025 0.0002531533203
11-08-17 20:04:20 0.657267069006 0.3 0.24 0.00506306 0.00121975 0.00167274 0.0030761491876320005 0.00037194751562499997 0.000335767092912
11-08-17 20:04:22 0.657267069006 0.3 0.2683281573 0.00506115 0.00121784 0.00188828 0.0030738287187000004 0.0003707835664 0.00042787216300800004
11-08-17 20:04:24 0.657267069006 0.367423461417 0.0 0.00506783 0.00146294 0.0 0.0030819481090679996 0.0005350483609 0.0
11-08-17 20:04:26 0.657267069006 0.367423461417 0.12 0.00506687 0.00146389 0.000844955 0.003080780591628 0.0005357434830250001 8.567387424299999e-05
11-08-17 20:04:29 0.657267069006 0.367423461417 0.169705627485 0.00506306 0.00145912 0.00116539 0.0030761491876320005 0.0005322577936 0.00016297606225200003
11-08-17 20:04:31 0.657267069006 0.367423461417 0.207846096908 0.00506687 0.00145626 0.00146008 0.003080780591628 0.0005301732968999999 0.00025582003276800004
11-08-17 20:04:33 0.657267069006 0.367423461417 0.24 0.0050621 0.00146198 0.00172615 0.0030749827691999997 0.0005343463801000001 0.0003575512587
11-08-17 20:04:35 0.657267069006 0.367423461417 0.2683281573 0.0050621 0.00145817 0.00188446 0.0030749827691999997 0.000531564937225 0.000426142738992
11-08-17 20:04:37 0.657267069006 0.424264068712 0.0 0.0050602 0.00160313 0.0 0.0030726748848 0.0006425064492249999 0.0
11-08-17 20:04:39 0.657267069006 0.424264068712 0.12 0.00506687 0.00167274 0.000845909 0.003080780591628 0.0006995147769 8.586744435372002e-05
11-08-17 20:04:41 0.657267069006 0.424264068712 0.169705627485 0.00506783 0.00167656 0.0011797 0.0030819481090679996 0.0007027133583999999 0.00016700305080000004
11-08-17 20:04:43 0.657267069006 0.424264068712 0.207846096908 0.00506115 0.00166893 0.00143147 0.0030738287187000004 0.0006963318362249998 0.00024589276330800003
11-08-17 20:04:45 0.657267069006 0.424264068712 0.24 0.0050602 0.00166321 0.0017128 0.0030726748848 0.0006915668760250001 0.00035204206079999996
11-08-17 20:04:47 0.657267069006 0.424264068712 0.2683281573 0.00506496 0.00166607 0.00189781 0.0030784583761920004 0.000693947311225 0.00043220193553199996
11-08-17 20:04:49 0.657267069006 0.474341649025 0.0 0.00506687 0.00181103 0.0 0.003080780591628 0.0008199574152249998 0.0
11-08-17 20:04:51 0.657267069006 0.474341649025 0.12 0.00506687 0.00185394 0.000842094 0.003080780591628 0.0008592733809000002 8.509467658032e-05
11-08-17 20:04:53 0.657267069006 0.474341649025 0.169705627485 0.0050621 0.00185776 0.00120544 0.0030749827691999997 0.0008628180543999999 0.00017437027123199997
11-08-17 20:04:55 0.657267069006 0.474341649025 0.207846096908 0.00506687 0.00185394 0.00146961 0.003080780591628 0.0008592733809000002 0.00025917042625200003
11-08-17 20:04:57 0.657267069006 0.474341649025 0.24 0.0050621 0.00184917 0.00166416 0.0030749827691999997 0.000854857422225 0.000332331420672
11-08-17 20:04:59 0.657267069006 0.474341649025 0.2683281573 0.0050621 0.00184822 0.00191975 0.0030749827691999997 0.0008539792921 0.0004422528075
11-08-17 20:05:01 0.92951600309 0.0 0.0 0.00705719 0.000117302 0.0 0.005976471683531999 3.4399398009999997e-06 0.0
11-08-17 20:05:03 0.92951600309 0.0 0.12 0.00714493 0.000130653 0.000825882 0.006126002964588 4.26755160225e-06 8.184972935088e-05
11-08-17 20:05:05 0.92951600309 0.0 0.169705627485 0.00714111 0.000130653 0.0011797 0.006119454243852 4.26755160225e-06 0.00016700305080000004
11-08-17 20:05:07 0.92951600309 0.0 0.207846096908 0.0071373 0.000134468 0.00149441 0.0061129261548 4.5204107560000004e-06 0.000267991349772
11-08-17 20:05:09 0.92951600309 0.0 0.24 0.00713921 0.000127792 0.00170135 0.006116198330892 4.082698816e-06 0.00034735101869999997
11-08-17 20:05:11 0.92951600309 0.0 0.2683281573 0.00713348 0.000124931 0.00190353 0.006106384429248 3.90193869025e-06 0.000434811175308
11-08-17 20:05:13 0.92951600309 0.212132034356 0.0 0.00713921 0.000905037 0.0 0.006116198330892 0.00020477299284225002 0.0
11-08-17 20:05:15 0.92951600309 0.212132034356 0.12 0.0071373 0.000897408 0.000863075 0.0061129261548 0.00020133527961600003 8.9387814675e-05
11-08-17 20:05:17 0.92951600309 0.212132034356 0.169705627485 0.00714207 0.00090313 0.0011797 0.006121099666188001 0.00020391094922500003 0.00016700305080000004
11-08-17 20:05:19 0.92951600309 0.212132034356 0.207846096908 0.00713825 0.000896454 0.00145817 0.006114553567499999 0.000200907443529 0.000255151169868
11-08-17 20:05:21 0.92951600309 0.212132034356 0.24 0.0071373 0.000900269 0.00168705 0.0061129261548 0.00020262106809025 0.0003415365243
11-08-17 20:05:23 0.92951600309 0.212132034356 0.2683281573 0.00714111 0.000904083 0.00189877 0.006119454243852 0.00020434151772225 0.00043263930154799997
11-08-17 20:05:25 0.92951600309 0.3 0.0 0.00714111 0.00123215 0.0 0.006119454243852 0.000379548405625 0.0
11-08-17 20:05:27 0.92951600309 0.3 0.12 0.00714111 0.0012188 0.000850677 0.006119454243852 0.00037136835999999993 8.683816299948e-05
11-08-17 20:05:29 0.92951600309 0.3 0.169705627485 0.00714016 0.00122356 0.00121784 0.006117826179072001 0.00037427476840000006 0.000177976111872
11-08-17 20:05:31 0.92951600309 0.3 0.207846096908 0.00714016 0.00121403 0.00148964 0.006117826179072001 0.00036846721022500004 0.00026628327955199996
11-08-17 20:05:33 0.92951600309 0.3 0.24 0.00714207 0.00121498 0.00169468 0.006121099666188001 0.0003690441001 0.000344632836288
11-08-17 20:05:35 0.92951600309 0.3 0.2683281573 0.00713825 0.00120926 0.00187302 0.006114553567499999 0.00036557743689999997 0.000420984470448
11-08-17 20:05:37 0.92951600309 0.367423461417 0.0 0.00713921 0.00146866 0.0 0.006116198330892 0.0005392405489000001 0.0
11-08-17 20:05:39 0.92951600309 0.367423461417 0.12 0.00713539 0.00146675 0.000852585 0.006109654854252 0.000537838890625 8.7228141867e-05
11-08-17 20:05:41 0.92951600309 0.367423461417 0.169705627485 0.00713348 0.00145817 0.0011816 0.006106384429248 0.000531564937225 0.00016754142720000004
11-08-17 20:05:43 0.92951600309 0.367423461417 0.207846096908 0.00714302 0.0014677 0.00143719 0.0061227281664479995 0.0005385358225 0.00024786181153200007
11-08-17 20:05:45 0.92951600309 0.367423461417 0.24 0.00713921 0.00146103 0.0016737 0.006116198330892 0.0005336521652250002 0.00033615260279999996
11-08-17 20:05:47 0.92951600309 0.367423461417 0.2683281573 0.00713348 0.00146389 0.0018959 0.006106384429248 0.0005357434830250001 0.0004313324172
11-08-17 20:05:49 0.92951600309 0.424264068712 0.0 0.00713634 0.001688 0.0 0.006111281831471999 0.000712336 0.0
11-08-17 20:05:51 0.92951600309 0.424264068712 0.12 0.00713158 0.00166988 0.00084877 0.006103131995568001 0.0006971248036 8.6449261548e-05
11-08-17 20:05:53 0.92951600309 0.424264068712 0.169705627485 0.0071373 0.00167084 0.00122929 0.0061129261548 0.0006979265764000001 0.000181338468492
11-08-17 20:05:55 0.92951600309 0.424264068712 0.207846096908 0.00713634 0.00167179 0.00147915 0.006111281831471999 0.000698720451025 0.00026254616670000005
11-08-17 20:05:57 0.92951600309 0.424264068712 0.24 0.00713921 0.00166988 0.00169563 0.006116198330892 0.0006971248036 0.00034501933162800003
11-08-17 20:05:59 0.92951600309 0.424264068712 0.2683281573 0.00714207 0.00166321 0.00189495 0.006121099666188001 0.0006915668760250001 0.00043090026030000004
11-08-17 20:06:01 0.92951600309 0.474341649025 0.0 0.00713348 0.00178432 0.0 0.006106384429248 0.0007959494656000001 0.0
11-08-17 20:06:03 0.92951600309 0.474341649025 0.12 0.0071373 0.00185299 0.00083828 0.0061129261548 0.0008583929850250001 8.432560300799998e-05
11-08-17 20:06:05 0.92951600309 0.474341649025 0.169705627485 0.00713444 0.00184536 0.00118637 0.0061080280936319994 0.0008513383824000001 0.00016889685322799998
11-08-17 20:06:07 0.92951600309 0.474341649025 0.207846096908 0.00714111 0.00185013 0.0014782 0.006119454243852 0.000855745254225 0.0002622090288
11-08-17 20:06:09 0.92951600309 0.474341649025 0.24 0.00713825 0.00184917 0.0017004 0.006114553567499999 0.000854857422225 0.0003469632192
11-08-17 20:06:11 0.92951600309 0.474341649025 0.2683281573 0.00714016 0.0018549 0.00189495 0.006117826179072001 0.0008601635025 0.00043090026030000004
11-08-17 20:06:13 1.13841995766 0.0 0.0 0.00873852 5.81741e-05 0.0 0.009163407814847998 8.460564777025e-07 0.0
11-08-17 20:06:15 1.13841995766 0.0 0.12 0.0087204 0.000123978 0.00083065 0.0091254451392 3.842636121e-06 8.279753070000002e-05
11-08-17 20:06:17 1.13841995766 0.0 0.169705627485 0.00872421 0.000123978 0.00120449 0.009133420814891999 3.842636121e-06 0.00017409553921199998
11-08-17 20:06:19 1.13841995766 0.0 0.207846096908 0.00872517 0.000131607 0.00147247 0.009135430983468001 4.3301006122500004e-06 0.000260180148108
11-08-17 20:06:21 1.13841995766 0.0 0.24 0.00872326 0.000126839 0.00169849 0.009131431803312 4.022032980250001e-06 0.000346184193612
11-08-17 20:06:23 1.13841995766 0.0 0.2683281573 0.00872612 0.000121117 0.00189972 0.009137420430528 3.6673319222499996e-06 0.00043307232940799996
11-08-17 20:06:25 1.13841995766 0.212132034356 0.0 0.00872326 0.000929832 0.0 0.009131431803312 0.00021614688705599998 0.0
11-08-17 20:06:27 1.13841995766 0.212132034356 0.12 0.00872421 0.000899315 0.000845909 0.009133420814891999 0.00020219186730625001 8.586744435372002e-05
11-08-17 20:06:29 1.13841995766 0.212132034356 0.169705627485 0.00872707 0.000899315 0.00120068 0.009139410094188 0.00020219186730625001 0.000172995895488
11-08-17 20:06:31 1.13841995766 0.212132034356 0.207846096908 0.00872898 0.000892639 0.00147152 0.009143411020848001 0.00019920109608025 0.00025984453324799997
11-08-17 20:06:33 1.13841995766 0.212132034356 0.24 0.00872612 0.000898361 0.00168228 0.009137420430528 0.00020176312158024998 0.00033960791980799996
11-08-17 20:06:35 1.13841995766 0.212132034356 0.2683281573 0.00872898 0.000898361 0.00187397 0.009143411020848001 0.00020176312158024998 0.000421411627308
11-08-17 20:06:37 1.13841995766 0.3 0.0 0.00872803 0.0012188 0.0 0.009141420921707999 0.00037136835999999993 0.0
11-08-17 20:06:39 1.13841995766 0.3 0.12 0.00872707 0.00121593 0.000836372 0.009139410094188 0.00036962144122500005 8.394217468608e-05
11-08-17 20:06:41 1.13841995766 0.3 0.169705627485 0.00871944 0.00120926 0.00118351 0.009123436069632 0.00036557743689999997 0.00016808351041200002
11-08-17 20:06:43 1.13841995766 0.3 0.207846096908 0.00872612 0.0012207 0.0014677 0.009137420430528 0.00037252712249999994 0.00025849719479999997
11-08-17 20:06:45 1.13841995766 0.3 0.24 0.00872898 0.00121784 0.00169754 0.009143411020848001 0.0003707835664 0.000345797046192
11-08-17 20:06:47 1.13841995766 0.3 0.2683281573 0.00872612 0.0012188 0.00185776 0.009137420430528 0.00037136835999999993 0.00041415266611199996
11-08-17 20:06:49 1.13841995766 0.367423461417 0.0 0.00872803 0.00146294 0.0 0.009141420921707999 0.0005350483609 0.0
11-08-17 20:06:51 1.13841995766 0.367423461417 0.12 0.00872707 0.00146103 0.000850677 0.009139410094188 0.0005336521652250002 8.683816299948e-05
11-08-17 20:06:53 1.13841995766 0.367423461417 0.169705627485 0.00873089 0.00146198 0.00119114 0.009147412823051999 0.0005343463801000001 0.000170257739952
11-08-17 20:06:55 1.13841995766 0.367423461417 0.207846096908 0.00872612 0.00146294 0.00145531 0.009137420430528 0.0005350483609 0.000254151263532
11-08-17 20:06:57 1.13841995766 0.367423461417 0.24 0.00872707 0.00145626 0.00168705 0.009139410094188 0.0005301732968999999 0.0003415365243
11-08-17 20:06:59 1.13841995766 0.367423461417 0.2683281573 0.00872135 0.00146484 0.00189209 0.009127433498699997 0.0005364390564 0.00042960054817199996
11-08-17 20:07:01 1.13841995766 0.424264068712 0.0 0.00872421 0.0016222 0.0 0.009133420814891999 0.0006578832100000001 0.0
11-08-17 20:07:03 1.13841995766 0.424264068712 0.12 0.00872231 0.00166607 0.00083065 0.009129443008332001 0.000693947311225 8.279753070000002e-05
11-08-17 20:07:06 1.13841995766 0.424264068712 0.169705627485 0.00872517 0.00166607 0.00120735 0.009135430983468001 0.000693947311225 0.00017492328270000003
11-08-17 20:07:08 1.13841995766 0.424264068712 0.207846096908 0.00872898 0.00166798 0.00144386 0.009143411020848001 0.0006955393200999999 0.00025016780395199995
11-08-17 20:07:10 1.13841995766 0.424264068712 0.24 0.00872517 0.00166607 0.00171471 0.009135430983468001 0.000693947311225 0.000352827646092
11-08-17 20:07:12 1.13841995766 0.424264068712 0.2683281573 0.00872803 0.00167561 0.00188541 0.009141420921707999 0.000701917218025 0.00042657250417199995
11-08-17 20:07:14 1.13841995766 0.474341649025 0.0 0.00872803 0.00178719 0.0 0.009141420921707999 0.0007985120240249999 0.0
11-08-17 20:07:16 1.13841995766 0.474341649025 0.12 0.00872803 0.00184822 0.000841141 0.009141420921707999 0.0008539792921 8.490218182572e-05
11-08-17 20:07:18 1.13841995766 0.474341649025 0.169705627485 0.00872326 0.00184917 0.00120354 0.009131431803312 0.000854857422225 0.00017382102379199997
11-08-17 20:07:20 1.13841995766 0.474341649025 0.207846096908 0.00872707 0.00185394 0.00145626 0.009139410094188 0.0008592733809000002 0.000254483182512
11-08-17 20:07:22 1.13841995766 0.474341649025 0.24 0.00872612 0.00184536 0.00169373 0.009137420430528 0.0008513383824000001 0.000344246557548
11-08-17 20:07:24 1.13841995766 0.474341649025 0.2683281573 0.00872707 0.00185108 0.00188732 0.009139410094188 0.0008566242916 0.000427437213888
11-08-17 20:07:26 1.31453413801 0.0 0.0 0.0100718 5.34058e-05 0.0 0.012172938628800001 7.130448684100001e-07 0.0
11-08-17 20:07:28 1.31453413801 0.0 0.12 0.0100679 0.0001297 0.000859261 0.0121635132492 4.2055225000000005e-06 8.859953593452001e-05
11-08-17 20:07:30 1.31453413801 0.0 0.169705627485 0.0100632 0.000128746 0.00118542 0.012152159308799999 4.1438831289999995e-06 0.00016862646916799998
11-08-17 20:07:32 1.31453413801 0.0 0.207846096908 0.0100718 0.0001297 0.00147152 0.012172938628800001 4.2055225000000005e-06 0.00025984453324799997
11-08-17 20:07:34 1.31453413801 0.0 0.24 0.0100651 0.000131607 0.00171566 0.012156748561200002 4.3301006122500004e-06 0.000353218708272
11-08-17 20:07:36 1.31453413801 0.0 0.2683281573 0.0100641 0.000126839 0.00184822 0.012154333057199998 4.022032980250001e-06 0.00040991006020800003
11-08-17 20:07:38 1.31453413801 0.212132034356 0.0 0.0100613 0.000915527 0.0 0.012147570922800001 0.00020954742193224997 0.0
11-08-17 20:07:40 1.31453413801 0.212132034356 0.12 0.0100679 0.000900269 0.000824928 0.0121635132492 0.00020262106809025 8.166074462207999e-05
11-08-17 20:07:42 1.31453413801 0.212132034356 0.169705627485 0.0100651 0.000896454 0.00121212 0.012156748561200002 0.000200907443529 0.00017630818732799997
11-08-17 20:07:44 1.31453413801 0.212132034356 0.207846096908 0.0100756 0.000898361 0.0014677 0.012182125843200001 0.00020176312158024998 0.00025849719479999997
11-08-17 20:07:46 1.31453413801 0.212132034356 0.24 0.010066 0.0008955 0.0016861 0.012158922720000001 0.00020048006250000003 0.0003411519852
11-08-17 20:07:48 1.31453413801 0.212132034356 0.2683281573 0.0100698 0.0008955 0.00190544 0.0121681046448 0.00020048006250000003 0.000435684191232
11-08-17 20:07:50 1.31453413801 0.3 0.0 0.010066 0.00122452 0.0 0.012158922720000001 0.0003748623076 0.0
11-08-17 20:07:52 1.31453413801 0.3 0.12 0.0100689 0.00121403 0.000831604 0.012165929665200002 0.00036846721022500004 8.298782553792e-05
11-08-17 20:07:54 1.31453413801 0.3 0.169705627485 0.0100651 0.00122261 0.00118256 0.012156748561200002 0.00037369380302500004 0.000167813778432
11-08-17 20:07:56 1.31453413801 0.3 0.207846096908 0.0100641 0.00121403 0.00147057 0.012154333057199998 0.00036846721022500004 0.000259509134988
11-08-17 20:07:58 1.31453413801 0.3 0.24 0.0100641 0.00122166 0.00169563 0.012154333057199998 0.0003731132889 0.00034501933162800003
11-08-17 20:08:00 1.31453413801 0.3 0.2683281573 0.0100632 0.00122356 0.00188255 0.012152159308799999 0.00037427476840000006 0.00042527934029999996
11-08-17 20:08:02 1.31453413801 0.367423461417 0.0 0.0100641 0.00146675 0.0 0.012154333057199998 0.000537838890625 0.0
11-08-17 20:08:04 1.31453413801 0.367423461417 0.12 0.0100689 0.00145721 0.00084877 0.012165929665200002 0.000530865246025 8.6449261548e-05
11-08-17 20:08:06 1.31453413801 0.367423461417 0.169705627485 0.0100679 0.00146198 0.00119591 0.0121635132492 0.0005343463801000001 0.00017162408737199998
11-08-17 20:08:08 1.31453413801 0.367423461417 0.207846096908 0.0100641 0.00145912 0.00145531 0.012154333057199998 0.0005322577936 0.000254151263532
11-08-17 20:08:10 1.31453413801 0.367423461417 0.24 0.0100651 0.00145531 0.00168419 0.012156748561200002 0.000529481799025 0.000340379514732
11-08-17 20:08:12 1.31453413801 0.367423461417 0.2683281573 0.0100679 0.00145817 0.00187302 0.0121635132492 0.000531564937225 0.000420984470448
11-08-17 20:08:14 1.31453413801 0.424264068712 0.0 0.0100613 0.00162411 0.0 0.012147570922800001 0.000659433323025 0.0
11-08-17 20:08:16 1.31453413801 0.424264068712 0.12 0.0100632 0.00167465 0.000862122 0.012152159308799999 0.000701113155625 8.919052114608e-05
11-08-17 20:08:18 1.31453413801 0.424264068712 0.169705627485 0.0100641 0.00167179 0.00119495 0.012154333057199998 0.000698720451025 0.0001713486603
11-08-17 20:08:20 1.31453413801 0.424264068712 0.207846096908 0.0100641 0.00166702 0.00144863 0.012154333057199998 0.0006947389201 0.000251823465228
11-08-17 20:08:22 1.31453413801 0.424264068712 0.24 0.0100651 0.00166607 0.00168324 0.012156748561200002 0.000693947311225 0.00033999562771199995
11-08-17 20:08:24 1.31453413801 0.424264068712 0.2683281573 0.0100622 0.00167084 0.00189495 0.0121497442608 0.0006979265764000001 0.00043090026030000004
11-08-17 20:08:26 1.31453413801 0.474341649025 0.0 0.0100698 0.00180912 0.0 0.0121681046448 0.0008182287936 0.0
11-08-17 20:08:28 1.31453413801 0.474341649025 0.12 0.010066 0.00184917 0.000834465 0.012158922720000001 0.000854857422225 8.355982034699998e-05
11-08-17 20:08:30 1.31453413801 0.474341649025 0.169705627485 0.0100641 0.00185204 0.00120449 0.012154333057199998 0.0008575130403999999 0.00017409553921199998
11-08-17 20:08:32 1.31453413801 0.474341649025 0.207846096908 0.0100746 0.00185585 0.00145721 0.0121797078192 0.000861044805625 0.000254815318092
11-08-17 20:08:34 1.31453413801 0.474341649025 0.24 0.0100641 0.00185394 0.00167847 0.012154333057199998 0.0008592733809000002 0.000338071384908
11-08-17 20:08:36 1.31453413801 0.474341649025 0.2683281573 0.0100622 0.00184822 0.00190353 0.0121497442608 0.0008539792921 0.000434811175308
11-08-17 20:08:38 1.46969384567 0.0 0.0 0.0111399 0.000123978 0.0 0.0148916846412 3.842636121e-06 0.0
11-08-17 20:08:40 1.46969384567 0.0 0.12 0.0112476 0.00012207 0.000836372 0.015181020691199998 3.7252712250000003e-06 8.394217468608e-05
11-08-17 20:08:42 1.46969384567 0.0 0.169705627485 0.0112505 0.0001297 0.00119972 0.015188850030000001 4.2055225000000005e-06 0.000172719369408
11-08-17 20:08:44 1.46969384567 0.0 0.207846096908 0.0112429 0.000128746 0.00144196 0.015168336049200001 4.1438831289999995e-06 0.000249509836992
11-08-17 20:08:46 1.46969384567 0.0 0.24 0.0112429 0.00012207 0.00168514 0.015168336049200001 3.7252712250000003e-06 0.000340763618352
11-08-17 20:08:48 1.46969384567 0.0 0.2683281573 0.0112457 0.000132561 0.00190163 0.015175892218800002 4.3931046802500005e-06 0.00043394359882800005
11-08-17 20:08:50 1.46969384567 0.212132034356 0.0 0.0112476 0.000981331 0.0 0.015181020691199998 0.00024075263289025 0.0
11-08-17 20:08:52 1.46969384567 0.212132034356 0.12 0.0112543 0.0008955 0.000840187 0.0151991122188 0.00020048006250000003 8.470970339628002e-05
11-08-17 20:08:54 1.46969384567 0.212132034356 0.169705627485 0.0112553 0.000889778 0.00120735 0.015201813370799996 0.000197926222321 0.00017492328270000003
11-08-17 20:08:56 1.46969384567 0.212132034356 0.207846096908 0.0112524 0.000897408 0.00146198 0.015193980691199998 0.00020133527961600003 0.00025648626244800007
11-08-17 20:08:58 1.46969384567 0.212132034356 0.24 0.0112467 0.000894547 0.00167656 0.015178591306799999 0.00020005358380224998 0.0003373024120319999
11-08-17 20:09:00 1.46969384567 0.212132034356 0.2683281573 0.0112467 0.0008955 0.00189018 0.015178591306799999 0.00020048006250000003 0.000428733651888
11-08-17 20:09:02 1.46969384567 0.3 0.0 0.0112438 0.00122643 0.0 0.015170764612800001 0.0003760326362249999 0.0
11-08-17 20:09:04 1.46969384567 0.3 0.12 0.0112467 0.00121117 0.000852585 0.015178591306799999 0.00036673319222499997 8.7228141867e-05
11-08-17 20:09:06 1.46969384567 0.3 0.169705627485 0.0112448 0.0012207 0.00119019 0.015173463244799998 0.00037252712249999994 0.00016998626833200002
11-08-17 20:09:08 1.46969384567 0.3 0.207846096908 0.0112505 0.00121307 0.00148773 0.015188850030000001 0.00036788470622499994 0.000265600866348
11-08-17 20:09:10 1.46969384567 0.3 0.24 0.0112476 0.00121689 0.00168324 0.015181020691199998 0.000370205318025 0.00033999562771199995
11-08-17 20:09:12 1.46969384567 0.3 0.2683281573 0.0112476 0.00121593 0.00190067 0.015181020691199998 0.00036962144122500005 0.000433505573868
11-08-17 20:09:14 1.46969384567 0.367423461417 0.0 0.0112457 0.0014658 0.0 0.015175892218800002 0.00053714241 0.0
11-08-17 20:09:16 1.46969384567 0.367423461417 0.12 0.0112448 0.00146294 0.000843048 0.015173463244799998 0.0005350483609 8.528759163648e-05
11-08-17 20:09:18 1.46969384567 0.367423461417 0.169705627485 0.011241 0.00146389 0.00120258 0.015163209719999998 0.0005357434830250001 0.00017354383876799998
11-08-17 20:09:20 1.46969384567 0.367423461417 0.207846096908 0.0112467 0.00146484 0.00149345 0.015178591306799999 0.0005364390564 0.0002676471483
11-08-17 20:09:22 1.46969384567 0.367423461417 0.24 0.0112467 0.0014677 0.00168133 0.015178591306799999 0.0005385358225 0.000339224468268
11-08-17 20:09:24 1.46969384567 0.367423461417 0.2683281573 0.0112448 0.00146961 0.00188255 0.015173463244799998 0.000539938388025 0.00042527934029999996
11-08-17 20:09:26 1.46969384567 0.424264068712 0.0 0.0112476 0.00161648 0.0 0.015181020691199998 0.0006532518976 0.0
11-08-17 20:09:28 1.46969384567 0.424264068712 0.12 0.0112448 0.00167179 0.000849724 0.015173463244799998 0.000698720451025 8.664370514112002e-05
11-08-17 20:09:30 1.46969384567 0.424264068712 0.169705627485 0.0112419 0.00166607 0.00121212 0.015165637873200001 0.000693947311225 0.00017630818732799997
11-08-17 20:09:32 1.46969384567 0.424264068712 0.207846096908 0.0112457 0.00167656 0.00148106 0.015175892218800002 0.0007027133583999999 0.00026322464683199996
11-08-17 20:09:34 1.46969384567 0.424264068712 0.24 0.0112448 0.00166893 0.00167656 0.015173463244799998 0.0006963318362249998 0.0003373024120319999
11-08-17 20:09:36 1.46969384567 0.424264068712 0.2683281573 0.0112476 0.00166607 0.00190353 0.015181020691199998 0.000693947311225 0.000434811175308
11-08-17 20:09:38 1.46969384567 0.474341649025 0.0 0.0112448 0.00181293 0.0 0.015173463244799998 0.0008216787962249999 0.0
11-08-17 20:09:40 1.46969384567 0.474341649025 0.12 0.0112457 0.00185394 0.000851631 0.015175892218800002 0.0008592733809000002 8.703304321932e-05
11-08-17 20:09:42 1.46969384567 0.474341649025 0.169705627485 0.0112514 0.00185299 0.00118637 0.015191280235200002 0.0008583929850250001 0.00016889685322799998
11-08-17 20:09:44 1.46969384567 0.474341649025 0.207846096908 0.0112476 0.0018549 0.00146294 0.015181020691199998 0.0008601635025 0.000256823213232
11-08-17 20:09:47 1.46969384567 0.474341649025 0.24 0.0112495 0.00185204 0.00169754 0.015186150030000003 0.0008575130403999999 0.000345797046192
11-08-17 20:09:49 1.46969384567 0.474341649025 0.2683281573 0.0112438 0.00185299 0.00190449 0.015170764612800001 0.0008583929850250001 0.000435249859212
