# #time v_s v_c v_m i_s i_c i_m p_s p_c p_m T_s sT_s T_c sT_c T_m sT_m
2017-08-12 00:52:17 0.0 0.0 0.0 6.58035e-05 0.000128746 1.43051e-05 5.1961207347e-07 4.1438831289999995e-06 2.45563063212e-08 0.622233 0.0230300465392 0.05521916 0.000863278380593 0.0075935 8.80204521688e-05
2017-08-12 01:12:19 0.0 0.0 0.12 6.10352e-05 0.000127792 0.0008564 4.4703547668480005e-07 4.082698816e-06 8.801051519999999e-05 0.6198862 0.0261359353183 0.0724401 0.00200126912033 0.07439146 0.00172102216325
2017-08-12 01:32:21 0.0 0.0 0.169705627485 6.29425e-05 0.000130653 0.00119591 4.754109967500001e-07 4.26755160225e-06 0.00017162408737199998 0.622942 0.025592276327 0.108434 0.000929486094571 0.1144152 0.000743926985665
2017-08-12 01:52:23 0.0 0.0 0.207846096908 6.00815e-05 0.0001297 0.00148201 4.3317439706999994e-07 4.2055225000000005e-06 0.000263562436812 0.629843 0.0224365202828 0.1426834 0.000632836345353 0.1524116 0.000759668769925
2017-08-12 02:12:25 0.0 0.0 0.24 6.29425e-05 0.000134468 0.00171566 4.754109967500001e-07 4.5204107560000004e-06 0.000353218708272 0.6073762 0.0260935466075 0.1812652 0.00216110012725 0.1893176 0.00188018803315
2017-08-12 02:32:27 0.0 0.0 0.2683281573 6.10352e-05 0.000131607 0.00190449 4.4703547668480005e-07 4.3301006122500004e-06 0.000435249859212 0.6360226 0.0286525463134 0.2118996 0.000873184195917 0.2203564 0.000834155285304
2017-08-12 03:12:29 0.0 0.212132034356 0.0 6.00815e-05 0.00090313 8.58307e-06 4.3317439706999994e-07 0.00020391094922500003 8.840290874988e-09 0.6094825 0.00368809181692 0.21421725 0.00221326426066 0.101703175 0.00390329949298
2017-08-12 03:32:31 0.0 0.212132034356 0.12 5.91278e-05 0.000902176 0.000859261 4.195316079408e-07 0.000203480383744 8.859953593452001e-05 0.630329 0.0238267639935 0.1856694 0.00317463778091 0.083608 0.000880506097651
2017-08-12 03:52:33 0.0 0.212132034356 0.169705627485 6.48499e-05 0.000900269 0.00123787 5.046611436011999e-07 0.00020262106809025 0.00018387865642800001 0.6336452 0.0228857211676 0.1907046 0.00366742768709 0.1114964 0.000671687308202
2017-08-12 04:12:35 0.0 0.212132034356 0.207846096908 6.19888e-05 0.000902176 0.00145721 4.6111335905280005e-07 0.000203480383744 0.000254815318092 0.6361734 0.0258300535625 0.2205158 0.00273663124297 0.1442068 0.00114896046929
2017-08-12 04:32:37 0.0 0.212132034356 0.24 6.19888e-05 0.000900269 0.0016737 4.6111335905280005e-07 0.00020262106809025 0.00033615260279999996 0.6119348 0.0006296079415 0.2454598 0.00124137204737 0.1750502 0.00131082865394
2017-08-12 04:52:39 0.0 0.212132034356 0.2683281573 6.29425e-05 0.000898361 0.00189972 4.754109967500001e-07 0.00020176312158024998 0.00043307232940799996 0.6224664 0.000740552118355 0.2677618 0.00147312014446 0.2035852 0.00139272616117
2017-08-12 05:32:41 0.0 0.3 0.0 5.72205e-05 0.00120926 6.67572e-06 3.9290227442999995e-07 0.00036557743689999997 5.347828502208e-09 0.6273642 0.000610578217758 0.2476018 0.00106986997341 0.0437331 0.00225622339585
2017-08-12 05:52:43 0.0 0.3 0.12 6.10352e-05 0.00121689 0.000847816 4.4703547668480005e-07 0.000370205318025 8.625503638272e-05 0.6183792 0.000771720001037 0.2360748 0.00584622994416 0.07639198 0.0019566444096
2017-08-12 06:12:45 0.0 0.3 0.169705627485 5.81741e-05 0.00121593 0.00121021 4.061071092972e-07 0.00036962144122500005 0.000175752989292 0.6158364 0.000892029730446 0.2480616 0.00493103723774 0.1098092 0.00220520905131
2017-08-12 06:32:47 0.0 0.3 0.207846096908 6.38962e-05 0.0012188 0.00147724 4.899269249328e-07 0.00037136835999999993 0.000261868562112 0.6197442 0.000240598753114 0.2724044 0.00183343280215 0.1422196 0.00114169954016
2017-08-12 06:52:49 0.0 0.3 0.24 6.19888e-05 0.00121403 0.00170231 4.6111335905280005e-07 0.00036846721022500004 0.00034774312033200003 0.6266036 0.000628913221359 0.2913442 0.00145003936498 0.1702306 0.00119610645011
2017-08-12 07:12:51 0.0 0.3 0.2683281573 6.19888e-05 0.00120926 0.00187683 4.6111335905280005e-07 0.00036557743689999997 0.00042269890186799993 0.637221 0.000697128395635 0.3077766 0.00118118340659 0.194092 0.000941533217683
2017-08-12 07:52:53 0.0 0.367423461417 0.0 5.91278e-05 0.00146389 5.72205e-06 4.195316079408e-07 0.0005357434830250001 3.9290227443e-09 0.6620342 0.0162570783033 0.263279 0.0104020078254 0.03384598 0.00315611317123
2017-08-12 08:12:55 0.0 0.367423461417 0.12 6.00815e-05 0.00146866 0.00083828 4.3317439706999994e-07 0.0005392405489000001 8.432560300799998e-05 0.6614152 0.0156973562156 0.2597676 0.00622054694058 0.07339044 0.000629248293124
2017-08-12 08:32:57 0.0 0.367423461417 0.169705627485 6.19888e-05 0.00146198 0.00119686 4.6111335905280005e-07 0.0005343463801000001 0.00017189686315199998 0.628491 0.000280600071276 0.2954488 0.00223069553279 0.1098512 0.00132950312523
2017-08-12 08:52:59 0.0 0.367423461417 0.207846096908 5.81741e-05 0.00145912 0.0014782 4.061071092972e-07 0.0005322577936 0.0002622090288 0.6318478 0.000333183072799 0.3134754 0.00120033705266 0.1396096 0.000995615708996
2017-08-12 09:13:01 0.0 0.367423461417 0.24 6.48499e-05 0.00144577 0.00169659 5.046611436011999e-07 0.000522562723225 0.00034541011537200003 0.6387908 0.000396527123915 0.325205 0.00122749940937 0.164371 0.000886174249231
2017-08-12 09:33:03 0.0 0.367423461417 0.2683281573 6.29425e-05 0.00145817 0.00189209 4.754109967500001e-07 0.000531564937225 0.00042960054817199996 0.6480786 0.000631621912223 0.3330234 0.000469062725017 0.1862628 0.000822191559188
2017-08-12 10:13:05 0.0 0.424264068712 0.0 6.38962e-05 0.00166416 0.0 4.899269249328e-07 0.0006923571264000001 0.0 0.6499522 0.000186600535905 0.3153522 0.00113516825185 0.0294935 0.0017518632458
2017-08-12 10:33:07 0.0 0.424264068712 0.12 6.10352e-05 0.00166702 0.000842094 4.4703547668480005e-07 0.0006947389201 8.509467658032e-05 0.6411122 0.000266253563356 0.3168254 0.000675123277632 0.0751518 0.000892906550542
2017-08-12 10:53:09 0.0 0.424264068712 0.169705627485 5.81741e-05 0.00166512 0.00118923 4.061071092972e-07 0.0006931561536 0.00016971215914800004 0.6392352 0.000179323618076 0.32846 0.00105669920034 0.108551 0.000767030898986
2017-08-12 11:13:11 0.0 0.424264068712 0.207846096908 5.24521e-05 0.00167179 0.00148964 3.301467353292e-07 0.000698720451025 0.00026628327955199996 0.6421368 0.000393984974333 0.3363796 0.000697645640709 0.1354846 0.000875448822034
2017-08-12 11:33:13 0.0 0.424264068712 0.24 5.72205e-05 0.00166798 0.00168324 3.9290227442999995e-07 0.0006955393200999999 0.00033999562771199995 0.6486558 0.000516616453474 0.3508936 0.000982269535311 0.158765 0.000755001192052
2017-08-12 11:53:15 0.0 0.424264068712 0.2683281573 6.10352e-05 0.00166512 0.00187778 4.4703547668480005e-07 0.0006931561536 0.0004231269274079999 0.6574304 0.000531492464669 0.3701652 0.00219515406293 0.1795328 0.000557622596386
2017-08-12 12:33:17 0.0 0.474341649025 0.0 6.19888e-05 0.0018568 2.86102e-06 4.6111335905280005e-07 0.0008619265600000001 9.822522528480001e-10 0.657985 0.00039481742616 0.3345952 0.000227467272371 0.02539374 0.0011160236872
2017-08-12 12:53:19 0.0 0.474341649025 0.12 5.72205e-05 0.00185204 0.000836372 3.9290227442999995e-07 0.0008575130403999999 8.394217468608e-05 0.6499826 0.000107730404251 0.3381602 0.000824817652575 0.07387946 0.000843594664753
2017-08-12 13:13:21 0.0 0.474341649025 0.169705627485 6.29425e-05 0.00184727 0.00120831 4.754109967500001e-07 0.0008531016132250001 0.000175201566732 0.6484958 0.000207971536514 0.3570338 0.00226813336469 0.1060544 0.000838495462122
2017-08-12 13:33:23 0.0 0.474341649025 0.207846096908 6.29425e-05 0.00184822 0.00144672 4.754109967500001e-07 0.0008539792921 0.00025115985100800006 0.651965 0.000354481029112 0.3789278 0.00214513462515 0.1317436 0.000640129549388
2017-08-12 13:53:25 0.0 0.474341649025 0.24 6.29425e-05 0.00185299 0.00169086 4.754109967500001e-07 0.0008583929850250001 0.000343080904752 0.6584112 0.000577782104257 0.3929022 0.00147885082412 0.1536772 0.000610481908004
2017-08-12 14:13:27 0.0 0.474341649025 0.2683281573 5.72205e-05 0.00184822 0.00188637 3.9290227442999995e-07 0.0008539792921 0.00042700701322800005 0.6676056 0.000653022694858 0.4051292 0.000576586992569 0.1730818 0.000518610605368
2017-08-12 15:13:29 0.657267069006 0.0 0.0 0.00506306 0.000123978 1.04904e-05 0.0030761491876320005 3.842636121e-06 1.3205819059200002e-08 0.7557132 6.5291347053e-05 0.06166202 9.53173310579e-05 0.00937158 0.000233983250683
2017-08-12 15:33:31 0.657267069006 0.0 0.12 0.0050621 0.000127792 0.000847816 0.0030749827691999997 4.082698816e-06 8.625503638272e-05 0.7552286 0.000127983748968 0.07912146 0.00097728023944 0.0614496 0.00023081872541
2017-08-12 15:53:33 0.657267069006 0.0 0.169705627485 0.0050621 0.000121117 0.00122166 0.0030749827691999997 3.6673319222499996e-06 0.000179094378672 0.7573668 0.000181363061289 0.09613846 0.000779537695304 0.08542978 5.21399041042e-05
2017-08-12 16:13:35 0.657267069006 0.0 0.207846096908 0.00506878 0.000128746 0.0014782 0.003083103682608 4.1438831289999995e-06 0.0002622090288 0.7607114 5.79468722193e-05 0.1119336 0.000765605276889 0.104333 8.55686858611e-05
2017-08-12 16:33:37 0.657267069006 0.0 0.24 0.0050621 0.000123024 0.0017004 0.0030749827691999997 3.7837261440000007e-06 0.0003469632192 0.7647152 0.000161126534128 0.1291074 0.00116338963379 0.1207774 0.00011138330216
2017-08-12 16:53:39 0.657267069006 0.0 0.2683281573 0.00506783 0.000125885 0.00188732 0.0030819481090679996 3.96175830625e-06 0.000427437213888 0.7698914 0.000208795210673 0.140891 0.000562718757462 0.1355208 4.01566930909e-05
2017-08-12 17:33:41 0.657267069006 0.212132034356 0.0 0.00506496 0.000898361 0.0 0.0030784583761920004 0.00020176312158024998 0.0 0.7597 6.87349983633e-05 0.11915375 3.76189779234e-05 0.009584275 0.00019650141698
2017-08-12 17:53:43 0.657267069006 0.212132034356 0.12 0.00506401 0.0008955 0.000842094 0.003077303673612 0.00020048006250000003 8.509467658032e-05 0.759383 0.000134091013867 0.1326632 0.000981323677489 0.06056868 0.000217927174992
2017-08-12 18:13:45 0.657267069006 0.212132034356 0.169705627485 0.00506687 0.000892639 0.00120258 0.003080780591628 0.00019920109608025 0.00017354383876799998 0.7614094 0.000131341691781 0.1418344 0.000488296057735 0.08425344 8.26256763966e-05
2017-08-12 18:33:47 0.657267069006 0.212132034356 0.207846096908 0.00506496 0.000902176 0.00146484 0.0030784583761920004 0.000203480383744 0.00025749074707200005 0.764603 0.000107786826653 0.153637 0.000628750188867 0.1029302 8.92555880604e-05
2017-08-12 18:53:49 0.657267069006 0.212132034356 0.24 0.00506306 0.000892639 0.0017004 0.0030761491876320005 0.00019920109608025 0.0003469632192 0.7688028 0.000214661966822 0.1676716 0.000755001880792 0.1190878 0.000167620285169
2017-08-12 19:13:51 0.657267069006 0.212132034356 0.2683281573 0.00506592 0.000886917 0.00187683 0.003079625453568 0.00019665544122225 0.00042269890186799993 0.7734586 0.00019235550421 0.1821822 0.000731137579393 0.1335698 4.89832624475e-05
2017-08-12 19:53:53 0.657267069006 0.3 0.0 0.00506115 0.00121403 0.0 0.0030738287187000004 0.00036846721022500004 0.0 0.763521 6.59302661909e-05 0.1569976 8.36578747041e-05 0.00972614 0.00023900450707
2017-08-12 20:13:55 0.657267069006 0.3 0.12 0.00506973 0.00122643 0.000853539 0.003084259472748 0.0003760326362249999 8.742345894252e-05 0.763044 8.96013392757e-05 0.167268 0.00130223239093 0.05990792 0.000186353045588
2017-08-12 20:33:57 0.657267069006 0.3 0.169705627485 0.0050602 0.0012188 0.00120068 0.0030726748848 0.00037136835999999993 0.000172995895488 0.7651168 8.437629999e-05 0.1814782 0.00068966003219 0.083318 7.69277583191e-05
2017-08-12 20:53:59 0.657267069006 0.3 0.207846096908 0.00506878 0.00121403 0.00147247 0.003083103682608 0.00036846721022500004 0.000260180148108 0.7683998 0.00016589562984 0.1935324 0.00041757231709 0.1018192 8.72843628607e-05
2017-08-12 21:14:01 0.657267069006 0.3 0.24 0.00506115 0.00121498 0.00166798 0.0030738287187000004 0.0003690441001 0.00033385887364799995 0.7721804 0.000175946128119 0.205721 0.000543362862183 0.1178064 9.64004149369e-05
2017-08-12 21:34:03 0.657267069006 0.3 0.2683281573 0.00506592 0.00121784 0.00189495 0.003079625453568 0.0003707835664 0.00043090026030000004 0.776736 0.000140134221374 0.2161922 0.000379595258137 0.1320316 5.8530675718e-05
2017-08-12 22:14:05 0.657267069006 0.367423461417 0.0 0.00506496 0.00146198 0.0 0.0030784583761920004 0.0005343463801000001 0.0 0.7674652 9.4234600864e-05 0.1957048 0.000360873052471 0.00989208 0.000204140671107
2017-08-12 22:34:07 0.657267069006 0.367423461417 0.12 0.00506783 0.00145245 0.000863075 0.0030819481090679996 0.000527402750625 8.9387814675e-05 0.767271 0.000135249399259 0.204307 0.000637793383471 0.0592954 7.49260168433e-05
2017-08-12 22:54:09 0.657267069006 0.367423461417 0.169705627485 0.00506496 0.00146675 0.00120163 0.0030784583761920004 0.000537838890625 0.00017326975882799999 0.7693504 0.000113378304803 0.2128054 0.000578246521823 0.0823961 8.37430116487e-05
2017-08-12 23:14:11 0.657267069006 0.367423461417 0.207846096908 0.00506783 0.00146198 0.00147152 0.0030819481090679996 0.0005343463801000001 0.00025984453324799997 0.7719804 0.000124689374046 0.223698 0.000873880998764 0.100708 4.736243237e-05
2017-08-12 23:34:13 0.657267069006 0.367423461417 0.24 0.00506306 0.00145817 0.00169277 0.0030761491876320005 0.000531564937225 0.00034385643274799995 0.7758112 0.000107670608803 0.2318254 0.000540280889908 0.1165198 3.11858942472e-05
2017-08-12 23:54:15 0.657267069006 0.367423461417 0.2683281573 0.00506496 0.00146008 0.00189495 0.0030784583761920004 0.0005329584016 0.00043090026030000004 0.7802064 0.000169432700504 0.2406846 0.000737518162488 0.1306274 9.86561706129e-05
2017-08-13 00:34:17 0.657267069006 0.424264068712 0.0 0.00506306 0.00166512 0.0 0.0030761491876320005 0.0006931561536 0.0 0.7713208 8.32619961327e-05 0.2245138 0.000499102153872 0.01009012 0.000197779042368
2017-08-13 00:54:19 0.657267069006 0.424264068712 0.12 0.00506496 0.00167465 0.000844002 0.0030784583761920004 0.000701113155625 8.548072512047999e-05 0.7708466 8.34424352473e-05 0.2302142 0.000474502855629 0.05875 6.97191221976e-05
2017-08-13 01:14:21 0.657267069006 0.424264068712 0.169705627485 0.00505924 0.00167179 0.00120544 0.0030715091253119995 0.000698720451025 0.00017437027123199997 0.7727666 0.000138681794047 0.238254 0.000805109433555 0.0816817 5.30636221907e-05
2017-08-13 01:34:23 0.657267069006 0.424264068712 0.207846096908 0.00506687 0.00167179 0.00150871 0.003080780591628 0.000698720451025 0.000273144703692 0.7755194 9.14846435201e-05 0.2465994 0.000759769070179 0.09973768 4.69190963255e-05
2017-08-13 01:54:25 0.657267069006 0.424264068712 0.24 0.00507259 0.00166893 0.00171852 0.003087740316972 0.0006963318362249998 0.00035439731884800003 0.7793814 0.000107365916379 0.25346 0.000642982114837 0.1152466 6.8450273922e-05
2017-08-13 02:14:27 0.657267069006 0.424264068712 0.2683281573 0.00506973 0.00166512 0.00189495 0.003084259472748 0.0006931561536 0.00043090026030000004 0.783377 0.000139652425686 0.2609446 0.000873608287506 0.1293666 6.93645442571e-05
2017-08-13 02:54:29 0.657267069006 0.474341649025 0.0 0.00506878 0.00185299 2.95639e-05 0.003083103682608 0.0008583929850250001 1.048829019852e-07 0.7753204 9.73007708089e-05 0.2456728 0.000232432699937 0.01030894 0.000169190668773
2017-08-13 03:14:31 0.657267069006 0.474341649025 0.12 0.00506496 0.00186348 0.000879288 0.0030784583761920004 0.0008681394276 9.277768643328e-05 0.7747486 5.64290705222e-05 0.2515902 0.000165146480435 0.05825266 9.92111606625e-05
2017-08-13 03:34:33 0.657267069006 0.474341649025 0.169705627485 0.00506878 0.00185204 0.00122166 0.003083103682608 0.0008575130403999999 0.000179094378672 0.7766112 0.000157744603711 0.2586594 0.000266443690111 0.08098762 4.54748457941e-05
2017-08-13 03:54:35 0.657267069006 0.474341649025 0.207846096908 0.00506592 0.0018568 0.00148964 0.003079625453568 0.0008619265600000001 0.00026628327955199996 0.7793432 0.000107681753329 0.265961 0.000821190355521 0.09878428 5.32763887665e-05
2017-08-13 04:14:37 0.657267069006 0.474341649025 0.24 0.00506783 0.00185108 0.00168228 0.0030819481090679996 0.0008566242916 0.00033960791980799996 0.7826448 0.000102828789743 0.2739404 0.000736299015346 0.1141988 6.55481502409e-05
2017-08-13 04:34:39 0.657267069006 0.474341649025 0.2683281573 0.00506401 0.00185299 0.00191212 0.003077303673612 0.0008583929850250001 0.00043874434732800005 0.7867726 0.000105645823391 0.2810922 0.000711526359315 0.1280006 6.89799971006e-05
2017-08-13 05:34:41 0.92951600309 0.0 0.0 0.00713921 0.000130653 1.04904e-05 0.006116198330892 4.26755160225e-06 1.3205819059200002e-08 0.8294966 8.28989746619e-05 0.06482908 2.10053707418e-05 0.00829208 0.00014172822443
2017-08-13 05:54:43 0.92951600309 0.0 0.12 0.00713825 0.0001297 0.000864983 0.006114553567499999 4.2055225000000005e-06 8.978347083468002e-05 0.831516 0.00012311782974 0.08154068 0.000759620148232 0.05436128 4.33180978345e-05
2017-08-13 06:14:45 0.92951600309 0.0 0.169705627485 0.00713921 0.000130653 0.001194 0.006116198330892 4.26755160225e-06 0.00017107631999999998 0.834608 0.000157810012357 0.09306764 0.000196234162163 0.07566202 2.72932519133e-05
2017-08-13 06:34:47 0.92951600309 0.0 0.207846096908 0.00713825 0.000125885 0.00144768 0.006114553567499999 3.96175830625e-06 0.000251493285888 0.8372308 8.27028415473e-05 0.105385 0.00023123062081 0.0921973 2.50226297579e-05
2017-08-13 06:54:49 0.92951600309 0.0 0.24 0.00714111 0.000119209 0.0017252 0.006119454243852 3.55269642025e-06 0.0003571578048 0.8407522 0.000189239953498 0.1172814 0.000215545447644 0.1063902 2.70880047253e-05
2017-08-13 07:14:51 0.92951600309 0.0 0.2683281573 0.00713634 0.0001297 0.00192356 0.006111281831471999 4.2055225000000005e-06 0.00044400996883199996 0.8447976 3.38207037183e-05 0.1317318 0.000361975910801 0.1191074 2.72807624527e-05
2017-08-13 07:54:53 0.92951600309 0.212132034356 0.0 0.00714016 0.0008955 0.0 0.006117826179072001 0.00020048006250000003 0.0 0.8315952 0.000112549366946 0.1131822 6.16746301164e-05 0.00843412 0.000148263986187
2017-08-13 08:14:55 0.92951600309 0.212132034356 0.12 0.0071373 0.000898361 0.00084877 0.0061129261548 0.00020176312158024998 8.6449261548e-05 0.832553 0.000124404581909 0.12250175 0.000243481390459 0.054123925 5.38353682536e-05
2017-08-13 08:34:57 0.92951600309 0.212132034356 0.169705627485 0.0071373 0.000900269 0.00122833 0.0061129261548 0.00020262106809025 0.00018105535066799996 0.835387 0.000108381271445 0.1359755 7.31112166497e-05 0.07535455 2.33225749007e-05
2017-08-13 08:54:59 0.92951600309 0.212132034356 0.207846096908 0.00714207 0.000896454 0.00147247 0.006121099666188001 0.000200907443529 0.000260180148108 0.8380798 0.000209459685859 0.141372 0.000274129896217 0.0918838 1.78531789886e-05
2017-08-13 09:15:01 0.92951600309 0.212132034356 0.24 0.00713634 0.000891685 0.00170803 0.006111281831471999 0.00019877553480625 0.00035008397770799996 0.8415722 0.000102331617792 0.1506318 0.000231159165944 0.10598 5.37735994704e-05
2017-08-13 09:35:03 0.92951600309 0.212132034356 0.2683281573 0.00713444 0.000902176 0.001894 0.0061080280936319994 0.000203480383744 0.00043046832000000006 0.844723 7.79871784334e-05 0.1601186 0.000217517447576 0.1187502 4.83627956181e-05
2017-08-13 10:15:05 0.92951600309 0.3 0.0 0.00713444 0.00121403 0.0 0.0061080280936319994 0.00036846721022500004 0.0 0.8327788 7.47513210586e-05 0.145546 0.000153099967342 0.00869896 0.000157634115597
2017-08-13 10:35:07 0.92951600309 0.3 0.12 0.00714207 0.00121975 0.000860214 0.006121099666188001 0.00037194751562499997 8.879617509552e-05 0.8346024 0.000171448651205 0.1531172 0.000197132848607 0.05387264 6.68219006015e-05
2017-08-13 10:55:09 0.92951600309 0.3 0.169705627485 0.00714016 0.00121212 0.00119495 0.006117826179072001 0.00036730872359999996 0.0001713486603 0.8371382 6.39606128801e-05 0.1621496 0.000270429732093 0.07500994 2.28705574921e-05
2017-08-13 11:15:11 0.92951600309 0.3 0.207846096908 0.00714016 0.00121593 0.00146484 0.006117826179072001 0.00036962144122500005 0.00025749074707200005 0.8402056 0.000150871601039 0.1731978 0.00029705581967 0.09132864 2.73418068167e-05
2017-08-13 11:35:13 0.92951600309 0.3 0.24 0.00713444 0.0012207 0.00168514 0.0061080280936319994 0.00037252712249999994 0.000340763618352 0.8432674 9.29270681772e-05 0.1839414 0.000305214416435 0.1054296 4.56709973616e-05
2017-08-13 11:55:15 0.92951600309 0.3 0.2683281573 0.00713539 0.00122833 0.00187874 0.006109654854252 0.0003771986472249999 0.000423559678512 0.8468296 0.000123525867736 0.1938062 0.000322040618556 0.1180266 5.61234353902e-05
2017-08-13 12:35:17 0.92951600309 0.367423461417 0.0 0.00713634 0.00146103 0.0 0.006111281831471999 0.0005336521652250002 0.0 0.8347486 0.000191685784554 0.177735 0.000167244730859 0.00885654 0.00014097739677
2017-08-13 12:55:19 0.92951600309 0.367423461417 0.12 0.00714207 0.00146008 0.000884056 0.006121099666188001 0.0005329584016 9.378660133632001e-05 0.8363582 0.000215357748874 0.1861532 0.000176982937031 0.05372528 5.19545724648e-05
2017-08-13 13:15:21 0.92951600309 0.367423461417 0.169705627485 0.00713825 0.00146484 0.00119305 0.006114553567499999 0.0005364390564 0.0001708041963 0.8385326 0.000265630269359 0.1950712 0.000377761512068 0.0747893 3.40662296123e-05
2017-08-13 13:35:23 0.92951600309 0.367423461417 0.207846096908 0.00713634 0.0014658 0.00145912 0.006111281831471999 0.00053714241 0.000255483740928 0.8416184 5.59807109637e-05 0.2033498 0.000206630491458 0.0909961 4.36374609711e-05
2017-08-13 13:55:25 0.92951600309 0.367423461417 0.24 0.00713825 0.00146389 0.00170326 0.006114553567499999 0.0005357434830250001 0.00034813135531200004 0.845827 0.000212341234809 0.2110998 0.000298652574072 0.104738 3.43918595019e-05
2017-08-13 14:15:27 0.92951600309 0.367423461417 0.2683281573 0.00713634 0.00145054 0.00190353 0.006111281831471999 0.0005260165728999999 0.000434811175308 0.8492778 0.000440151973755 0.219181 0.000294161180308 0.1172808 1.46068477092e-05
2017-08-13 14:55:29 0.92951600309 0.424264068712 0.0 0.00713825 0.00166798 0.0 0.006114553567499999 0.0006955393200999999 0.0 0.8376148 0.000226596910835 0.2062178 0.000206559821843 0.00904638 0.000113038549177
2017-08-13 15:15:31 0.92951600309 0.424264068712 0.12 0.00714207 0.00166416 0.000834465 0.006121099666188001 0.0006923571264000001 8.355982034699998e-05 0.8390824 0.000100871403282 0.2126324 0.000292167486213 0.0534495 7.85634520626e-05
2017-08-13 15:35:33 0.92951600309 0.424264068712 0.169705627485 0.00714302 0.00167274 0.00120068 0.0061227281664479995 0.0006995147769 0.000172995895488 0.8414238 0.000224740205571 0.2194578 0.000156785713635 0.0744031 1.1946212789e-05
2017-08-13 15:55:35 0.92951600309 0.424264068712 0.207846096908 0.0071373 0.00167274 0.00146484 0.0061129261548 0.0006995147769 0.00025749074707200005 0.844364 0.000141987323378 0.2252948 0.000102836569371 0.09051382 6.24099158788e-05
2017-08-13 16:15:37 0.92951600309 0.424264068712 0.24 0.00714016 0.00166607 0.00170994 0.006117826179072001 0.000693947311225 0.00035086737643200003 0.8474128 0.000138009275051 0.2325206 0.000395401365703 0.1043312 6.79246641508e-05
2017-08-13 16:35:39 0.92951600309 0.424264068712 0.2683281573 0.00713825 0.00166893 0.00193691 0.006114553567499999 0.0006963318362249998 0.000450194441772 0.8512394 0.000186037200581 0.2395114 0.000306396214076 0.1166682 5.32969042253e-05
2017-08-13 17:15:41 0.92951600309 0.474341649025 0.0 0.00714207 0.00184631 0.0 0.006121099666188001 0.000852215154025 0.0 0.8400756 0.000129365528639 0.2279176 0.000283368029248 0.00925074 0.000124445049721
2017-08-13 17:35:43 0.92951600309 0.474341649025 0.12 0.00713921 0.0018425 0.000819206 0.006116198330892 0.0008487015624999999 8.053181645232e-05 0.8418328 0.000117168937863 0.2332356 0.000259006254751 0.0532995 3.9459802331e-05
2017-08-13 17:55:45 0.92951600309 0.474341649025 0.169705627485 0.00714111 0.00184917 0.00119781 0.006119454243852 0.000854857422225 0.00017216985553200002 0.843978 0.000149066428145 0.2380078 0.000293625203278 0.0740394 4.05936448228e-05
2017-08-13 18:15:47 0.92951600309 0.474341649025 0.207846096908 0.00714111 0.00185776 0.00145817 0.006119454243852 0.0008628180543999999 0.000255151169868 0.8462924 8.49578719131e-05 0.2444284 0.00054376230101 0.09003106 9.04092915579e-06
2017-08-13 18:35:49 0.92951600309 0.474341649025 0.24 0.00714016 0.00185299 0.00170898 0.006117826179072001 0.0008583929850250001 0.00035047351684799996 0.8494708 0.000134787833279 0.2507238 0.000146313909113 0.103822 4.77619095096e-05
2017-08-13 18:55:51 0.92951600309 0.474341649025 0.2683281573 0.00714111 0.00185966 0.00189877 0.006119454243852 0.0008645838289 0.00043263930154799997 0.8531216 0.000158992578443 0.2561678 0.000109314957805 0.1160452 8.3831736234e-05
2017-08-13 19:55:53 1.13841995766 0.0 0.0 0.00872803 0.000123978 7.62939e-06 0.009141420921707999 3.842636121e-06 6.984911012652e-09 0.8873458 0.000324089123545 0.06711962 6.84009181225e-05 0.00798786 0.00013358905045
2017-08-13 20:15:55 1.13841995766 0.0 0.12 0.00872517 0.000125885 0.000839233 0.009135430983468001 3.96175830625e-06 8.451744339468e-05 0.8899238 6.84e-05 0.0831175 0.000304692113452 0.05096586 1.78098399768e-05
2017-08-13 20:35:57 1.13841995766 0.0 0.169705627485 0.00873089 0.000126839 0.0012207 0.009147412823051999 4.022032980250001e-06 0.00017881301879999997 0.8924946 9.35854689575e-05 0.09194626 0.000130135261939 0.07116134 1.76531696871e-05
2017-08-13 20:55:59 1.13841995766 0.0 0.207846096908 0.00872993 0.000127792 0.00147438 0.009145401336588001 4.082698816e-06 0.00026085556612799994 0.8960658 0.000114688098772 0.1028824 0.000140022283941 0.08641714 4.17850020941e-05
2017-08-13 21:16:01 1.13841995766 0.0 0.24 0.0087328 0.000123978 0.00169373 0.009151415500800002 3.842636121e-06 0.000344246557548 0.8990656 9.84735497481e-05 0.1130078 8.4487632231e-05 0.09960512 4.47535652211e-05
2017-08-13 21:36:03 1.13841995766 0.0 0.2683281573 0.00873184 0.000126839 0.00188732 0.009149403574271998 4.022032980250001e-06 0.000427437213888 0.9034264 0.00013803564757 0.1228936 3.58083789077e-05 0.1111894 1.86182705964e-05
2017-08-13 22:16:05 1.13841995766 0.212132034356 0.0 0.00872898 0.000906944 0.0 0.009143411020848001 0.00020563685478400002 0.0 0.88878475 7.00263343322e-05 0.111365 6.19152646768e-05 0.008158725 0.000116027849566
2017-08-13 22:36:07 1.13841995766 0.212132034356 0.12 0.00872707 0.000894547 0.000849724 0.009139410094188 0.00020005358380224998 8.664370514112002e-05 0.8915748 0.000229007772794 0.1195536 0.000142792997027 0.05084588 6.71943271415e-05
2017-08-13 22:56:09 1.13841995766 0.212132034356 0.169705627485 0.00872803 0.000897408 0.00121403 0.009141420921707999 0.00020133527961600003 0.000176864260908 0.894074 7.26663608556e-05 0.1311858 0.000296234636732 0.0709806 1.4391525284e-05
2017-08-13 23:16:11 1.13841995766 0.212132034356 0.207846096908 0.00872898 0.000897408 0.00145912 0.009143411020848001 0.00020133527961600003 0.000255483740928 0.8974956 9.65848849458e-05 0.1381808 6.29615755838e-05 0.08619676 4.52889655435e-05
2017-08-13 23:36:13 1.13841995766 0.212132034356 0.24 0.00872803 0.000898361 0.00171089 0.009141420921707999 0.00020176312158024998 0.000351257351052 0.9015164 0.000216523994051 0.1439912 0.000126947863314 0.09914008 6.06142359516e-05
2017-08-13 23:56:15 1.13841995766 0.212132034356 0.2683281573 0.0087328 0.000890732 0.00189781 0.009151415500800002 0.000198350873956 0.00043220193553199996 0.904542 0.000142630992425 0.152035 0.000125917433265 0.110901 5.49727205075e-05
2017-08-14 00:36:17 1.13841995766 0.3 0.0 0.00872707 0.00121403 0.0 0.009139410094188 0.00036846721022500004 0.0 0.890003 0.000142845370944 0.1412792 0.000160951421243 0.00833574 0.000126365558599
2017-08-14 00:56:19 1.13841995766 0.3 0.12 0.00872993 0.00121689 0.000867844 0.009145401336588001 0.000370205318025 9.037838500032e-05 0.8929652 0.000173004508612 0.1476232 0.000163074706806 0.0507474 3.86489327149e-05
2017-08-14 01:16:21 1.13841995766 0.3 0.169705627485 0.0087328 0.0012207 0.00120163 0.009151415500800002 0.00037252712249999994 0.00017326975882799999 0.8957242 0.000300983986285 0.154831 0.000206293965011 0.07079706 3.2537645889e-05
2017-08-14 01:36:23 1.13841995766 0.3 0.207846096908 0.00873375 0.00121593 0.00151539 0.0091534066875 0.00036962144122500005 0.000275568822252 0.898881 8.40523646306e-05 0.1630466 0.000262192753523 0.08599804 2.90093502168e-05
2017-08-14 01:56:25 1.13841995766 0.3 0.24 0.00872612 0.00121307 0.00169754 0.009137420430528 0.00036788470622499994 0.000345797046192 0.9028392 0.000198169018769 0.1725296 0.000317828633071 0.09895782 4.11964270295e-05
2017-08-14 02:16:27 1.13841995766 0.3 0.2683281573 0.0087328 0.00122166 0.00191879 0.009151415500800002 0.0003731132889 0.0004418106076920001 0.9065226 0.000166015180029 0.181812 0.000254979214839 0.1105602 1.4302447343e-05
2017-08-14 02:56:29 1.13841995766 0.367423461417 0.0 0.00872898 0.00147724 2.86102e-06 0.009143411020848001 0.0005455595044000001 9.822522528480001e-10 0.8927964 0.000122481998677 0.167999 0.000234057257952 0.00850984 0.000120581368378
2017-08-14 03:16:31 1.13841995766 0.367423461417 0.12 0.00873089 0.00146198 0.000854492 0.009147412823051999 0.0005343463801000001 8.761878936768e-05 0.8950068 0.00013998057008 0.175822 0.000123018697766 0.0506195 7.8489719072e-05
2017-08-14 03:36:33 1.13841995766 0.367423461417 0.169705627485 0.00872421 0.00146961 0.00121784 0.009133420814891999 0.000539938388025 0.000177976111872 0.8980212 0.00018629374654 0.1840018 0.000232282069906 0.07056316 2.8706278059e-05
2017-08-14 03:56:35 1.13841995766 0.367423461417 0.207846096908 0.00873089 0.00146961 0.00147629 0.009147412823051999 0.000539938388025 0.00026153185969199995 0.901104 2.80713376953e-05 0.1919492 0.000124673012316 0.08564958 1.89693858625e-05
2017-08-14 04:16:37 1.13841995766 0.367423461417 0.24 0.00872898 0.00146675 0.00173473 0.009143411020848001 0.000537838890625 0.00036111458074800004 0.904741 9.87704409224e-05 0.199434 0.000183032237598 0.09857456 3.79392988865e-05
2017-08-14 04:36:39 1.13841995766 0.367423461417 0.2683281573 0.00872326 0.00146675 0.00193501 0.009131431803312 0.000537838890625 0.000449311644012 0.9080454 0.000169134975685 0.2070124 0.000211733417296 0.1101242 6.29901579614e-05
2017-08-14 05:16:41 1.13841995766 0.424264068712 0.0 0.00872803 0.00166512 0.0 0.009141420921707999 0.0006931561536 0.0 0.8953338 0.000118236035116 0.1958082 0.000177334035086 0.00865696 0.000104198744714
2017-08-14 05:36:43 1.13841995766 0.424264068712 0.12 0.00873184 0.00167179 0.000870705 0.009149403574271998 0.000698720451025 9.097526364300001e-05 0.8973488 0.000220633995567 0.201575 0.000151828851013 0.05047858 7.41093894186e-05
2017-08-14 05:56:45 1.13841995766 0.424264068712 0.169705627485 0.00872898 0.00167084 0.00118542 0.009143411020848001 0.0006979265764000001 0.00016862646916799998 0.9002348 0.000377659846952 0.2080914 0.000151816468145 0.07029598 2.02175567268e-05
2017-08-14 06:16:47 1.13841995766 0.424264068712 0.207846096908 0.00872707 0.00167561 0.00148582 0.009139410094188 0.000701917218025 0.00026491932868799996 0.9033904 0.000164741737274 0.214279 0.000295908769725 0.0853361 2.4157980048e-05
2017-08-14 06:36:49 1.13841995766 0.424264068712 0.24 0.00872517 0.00167274 0.00170708 0.009135430983468001 0.0006995147769 0.00034969465516799993 0.90664 0.00013972973914 0.2206424 0.00011118561058 0.09816814 4.20085991197e-05
2017-08-14 06:56:51 1.13841995766 0.424264068712 0.2683281573 0.00873089 0.00167751 0.00188255 0.009147412823051999 0.0007035099500249999 0.00042527934029999996 0.9103376 0.000143275399144 0.2266712 0.000161066942605 0.1095744 3.29884828387e-05
2017-08-14 07:36:53 1.13841995766 0.474341649025 0.0 0.00872993 0.00185585 7.62939e-06 0.009145401336588001 0.000861044805625 6.984911012652e-09 0.896882 0.000156942027513 0.2171404 0.000193152375082 0.00884008 0.000101938126332
2017-08-14 07:56:55 1.13841995766 0.474341649025 0.12 0.00873375 0.00185299 0.000859261 0.0091534066875 0.0008583929850250001 8.859953593452001e-05 0.8994376 0.000172613556826 0.22197 0.000138487544566 0.05034244 4.06368601149e-05
2017-08-14 08:16:57 1.13841995766 0.474341649025 0.169705627485 0.00872803 0.00185204 0.00120354 0.009141420921707999 0.0008575130403999999 0.00017382102379199997 0.9025904 3.57468879764e-05 0.2271218 0.000200042395507 0.07005988 8.15779381941e-06
2017-08-14 08:36:59 1.13841995766 0.474341649025 0.207846096908 0.00873184 0.00185776 0.00147438 0.009149403574271998 0.0008628180543999999 0.00026085556612799994 0.9050492 0.000130778285659 0.2326074 0.000173837395287 0.08505934 4.29237742982e-05
2017-08-14 08:57:01 1.13841995766 0.474341649025 0.24 0.00872517 0.00185299 0.00167656 0.009135430983468001 0.0008583929850250001 0.0003373024120319999 0.9080658 0.00014631117524 0.2382648 0.000213975138743 0.09786802 6.83372050936e-05
2017-08-14 09:17:03 1.13841995766 0.474341649025 0.2683281573 0.00872803 0.00185013 0.00191689 0.009141420921707999 0.000855745254225 0.00044093607265200004 0.9117162 0.000157076287198 0.2435046 0.000261812604739 0.1092528 4.62359167747e-05
2017-08-14 10:17:05 1.31453413801 0.0 0.0 0.0100689 0.0001297 0.0 0.012165929665200002 4.2055225000000005e-06 0.0 0.9424776 0.000272455207328 0.06914232 1.83803590825e-05 0.00785958 0.000123540331876
2017-08-14 10:37:07 1.31453413801 0.0 0.12 0.0100641 0.000135422 0.000855446 0.012154333057199998 4.584779521e-06 8.781454306992002e-05 0.9450836 0.000259802694366 0.08503846 5.98222901601e-05 0.04869174 2.22301237064e-05
2017-08-14 10:57:09 1.31453413801 0.0 0.169705627485 0.010067 0.000126839 0.00120354 0.01216133868 4.022032980250001e-06 0.00017382102379199997 0.9488252 0.000120348493966 0.09165498 5.79960481412e-05 0.06798054 2.3695704252e-05
2017-08-14 11:17:11 1.31453413801 0.0 0.207846096908 0.0100689 0.000135422 0.00146961 0.012165929665200002 4.584779521e-06 0.00025917042625200003 0.951864 0.000124004838615 0.1015456 7.92353456483e-05 0.08248546 3.22246861893e-05
2017-08-14 11:37:13 1.31453413801 0.0 0.24 0.0100679 0.000126839 0.00169468 0.0121635132492 4.022032980250001e-06 0.000344632836288 0.9553124 0.000134436007081 0.110502 6.70730944567e-05 0.09478332 2.85555178556e-05
2017-08-14 11:57:15 1.31453413801 0.0 0.2683281573 0.0100632 0.000120163 0.00188446 0.012152159308799999 3.60978664225e-06 0.000426142738992 0.9588718 0.000275711008123 0.1194172 7.58614526621e-05 0.1057922 5.62650868657e-05
2017-08-14 12:37:17 1.31453413801 0.212132034356 0.0 0.0100679 0.000897408 1.23978e-05 0.0121635132492 0.00020133527961600003 1.8444653380800003e-08 0.9438045 0.000161800030902 0.110747 0.000129591666399 0.008009875 0.000102265790346
2017-08-14 12:57:19 1.31453413801 0.212132034356 0.12 0.0100632 0.000896454 0.000853539 0.012152159308799999 0.000200907443529 8.742345894252e-05 0.9468972 0.000245170471305 0.1184466 5.87149044111e-05 0.04859912 2.46694466902e-05
2017-08-14 13:17:21 1.31453413801 0.212132034356 0.169705627485 0.0100651 0.000899315 0.00119591 0.012156748561200002 0.00020219186730625001 0.00017162408737199998 0.9498318 0.000131268274918 0.1271918 0.000168459371957 0.06786954 1.7994510274e-05
2017-08-14 13:37:23 1.31453413801 0.212132034356 0.207846096908 0.010066 0.000894547 0.00148296 0.012158922720000001 0.00020005358380224998 0.000263900443392 0.9529978 9.08458034254e-05 0.1367636 5.83972602097e-05 0.08235408 3.19185463328e-05
2017-08-14 13:57:25 1.31453413801 0.212132034356 0.24 0.0100727 0.000897408 0.00169182 0.0121751142348 0.00020133527961600003 0.000343470589488 0.9568342 0.000142931312175 0.1406954 9.53637247595e-05 0.09460058 3.84089260459e-05
2017-08-14 14:17:27 1.31453413801 0.212132034356 0.2683281573 0.0100641 0.000896454 0.00190639 0.012154333057199998 0.000200907443529 0.000436118739852 0.959895 0.000210090456709 0.147445 2.79427987145e-05 0.1055506 3.94593461679e-05
2017-08-14 14:57:29 1.31453413801 0.3 0.0 0.0100718 0.0012188 9.53674e-07 0.012172938628800001 0.00037136835999999993 1.0913929179312e-10 0.9462104 0.000193614668866 0.1394388 1.94874318472e-05 0.0081542 0.000118175175058
2017-08-14 15:17:31 1.31453413801 0.3 0.12 0.0100727 0.00121784 0.000829697 0.0121751142348 0.0003707835664 8.260765341708001e-05 0.948434 0.000210411976845 0.1445402 6.89359122664e-05 0.04849024 4.92912811763e-05
2017-08-14 15:37:33 1.31453413801 0.3 0.169705627485 0.010066 0.0012188 0.00121212 0.012158922720000001 0.00037136835999999993 0.00017630818732799997 0.9517382 0.00022403517581 0.1508204 0.000178684750329 0.06771898 1.88553864983e-05
2017-08-14 15:57:35 1.31453413801 0.3 0.207846096908 0.0100708 0.00121784 0.0014801 0.012170521516799999 0.0003707835664 0.00026288352120000004 0.9549922 0.000129363673417 0.1574788 6.89330109599e-05 0.08210062 2.98739619066e-05
2017-08-14 16:17:37 1.31453413801 0.3 0.24 0.0100679 0.00121403 0.00171185 0.0121635132492 0.00036846721022500004 0.00035165165070000004 0.9582868 0.00013128503342 0.1653462 6.83063686635e-05 0.09434996 3.93248318496e-05
2017-08-14 16:37:39 1.31453413801 0.3 0.2683281573 0.010066 0.00122547 0.00191021 0.012158922720000001 0.000375444180225 0.00043786826929200005 0.9617288 0.000272920794371 0.1740022 0.000261947628353 0.1052476 4.67230136014e-05
2017-08-14 17:17:41 1.31453413801 0.367423461417 0.0 0.010067 0.00146103 0.0 0.01216133868 0.0005336521652250002 0.0 0.9477484 0.000105955839858 0.1625582 8.56443810183e-05 0.00831118 9.44737296819e-05
2017-08-14 17:37:43 1.31453413801 0.367423461417 0.12 0.0100708 0.00146103 0.000841141 0.012170521516799999 0.0005336521652250002 8.490218182572e-05 0.9507664 0.000155425351857 0.1699256 0.000174979541661 0.04839374 3.68455478993e-05
2017-08-14 17:57:45 1.31453413801 0.367423461417 0.169705627485 0.010067 0.00146008 0.00122166 0.01216133868 0.0005329584016 0.000179094378672 0.9534488 0.00022330284369 0.1769948 0.000242687782964 0.0675853 2.59712918431e-05
2017-08-14 18:17:47 1.31453413801 0.367423461417 0.207846096908 0.0100698 0.00145912 0.00148869 0.0121681046448 0.0005322577936 0.000265943749932 0.956599 0.000232037066005 0.1844864 0.000103677577132 0.08192926 3.30819346472e-05
2017-08-14 18:37:49 1.31453413801 0.367423461417 0.24 0.0100641 0.00146198 0.00167751 0.012154333057199998 0.0005343463801000001 0.0003376847760119999 0.9598542 0.000126917926236 0.1915158 0.000172775461221 0.09412798 4.2938998591e-05
2017-08-14 18:57:51 1.31453413801 0.367423461417 0.2683281573 0.0100651 0.00145817 0.00190163 0.012156748561200002 0.000531564937225 0.00043394359882800005 0.9634094 8.97922045614e-05 0.1984498 0.000268243471496 0.1049306 3.70599514301e-05
2017-08-14 19:37:53 1.31453413801 0.424264068712 0.0 0.0100746 0.00167179 0.0 0.0121797078192 0.000698720451025 0.0 0.9492908 0.000136112306571 0.1887554 0.000369260125115 0.00846126 0.0001018726185
2017-08-14 19:57:55 1.31453413801 0.424264068712 0.12 0.0100727 0.00166988 0.0008564 0.0121751142348 0.0006971248036 8.801051519999999e-05 0.9518972 0.000208686750897 0.1948312 0.000193406721703 0.04839482 4.70234579758e-05
2017-08-14 20:17:57 1.31453413801 0.424264068712 0.169705627485 0.0100689 0.00167084 0.0012207 0.012165929665200002 0.0006979265764000001 0.00017881301879999997 0.954634 0.000233643317901 0.2008728 0.00013929020066 0.0675011 1.90637876614e-05
2017-08-14 20:37:59 1.31453413801 0.424264068712 0.207846096908 0.0100689 0.00166607 0.00142956 0.012165929665200002 0.000693947311225 0.000245237015232 0.9575734 0.000147216303445 0.2069604 0.000130937542363 0.08182572 2.92069443797e-05
2017-08-14 20:58:01 1.31453413801 0.424264068712 0.24 0.0100641 0.00166702 0.00167847 0.012154333057199998 0.0006947389201 0.000338071384908 0.9609542 0.000200220278693 0.2126304 0.00017589496866 0.09393602 2.93093432202e-05
2017-08-14 21:18:03 1.31453413801 0.424264068712 0.2683281573 0.0100651 0.00167274 0.00190639 0.012156748561200002 0.0006995147769 0.000436118739852 0.9643172 0.000192169092208 0.2186736 0.000187698268506 0.1048168 5.33419159761e-05
2017-08-14 21:58:05 1.31453413801 0.474341649025 0.0 0.0100727 0.00185394 0.0 0.0121751142348 0.0008592733809000002 0.0 0.9509478 0.000205365430392 0.2099298 0.000223892295535 0.00865364 8.65275355017e-05
2017-08-14 22:18:07 1.31453413801 0.474341649025 0.12 0.0100632 0.00184822 0.0008564 0.012152159308799999 0.0008539792921 8.801051519999999e-05 0.9534942 0.000129218264963 0.2145964 0.00024984923454 0.0484046 3.58367967319e-05
2017-08-14 22:38:09 1.31453413801 0.474341649025 0.169705627485 0.010066 0.00184345 0.00119305 0.012158922720000001 0.000849576975625 0.0001708041963 0.956811 0.000223100874046 0.2195726 0.000191583506597 0.0673196 1.17966096824e-05
2017-08-14 22:58:11 1.31453413801 0.474341649025 0.207846096908 0.0100679 0.00185394 0.00146389 0.0121635132492 0.0008592733809000002 0.000257156871852 0.959724 0.000195347894793 0.224743 0.000158203666203 0.0816223 3.45070427594e-05
2017-08-14 23:18:13 1.31453413801 0.474341649025 0.24 0.0100632 0.00184822 0.00166988 0.012152159308799999 0.0008539792921 0.000334619905728 0.9627522 0.000211387227618 0.2299448 0.000423302445067 0.09372494 3.40010941e-05
2017-08-14 23:38:15 1.31453413801 0.474341649025 0.2683281573 0.0100689 0.00184631 0.00188828 0.012165929665200002 0.000852215154025 0.00042787216300800004 0.9666078 0.000284679749894 0.2347094 0.000144354563489 0.1044876 5.40318424635e-05
2017-08-15 00:38:17 1.46969384567 0.0 0.0 0.0112534 0.000125885 0.0 0.015196681387200001 3.96175830625e-06 0.0 0.993258 0.000312563593529 0.07126184 0.000109363076036 0.0077787 0.000101753073664
2017-08-15 00:58:19 1.46969384567 0.0 0.12 0.0112486 0.000128746 0.000858307 0.0151837202352 4.1438831289999995e-06 8.840290874987999e-05 0.996666 0.000372429859168 0.08564618 1.4549006839e-05 0.04731442 3.35535631491e-05
2017-08-15 01:18:21 1.46969384567 0.0 0.169705627485 0.0112514 0.000124931 0.00121593 0.015191280235200002 3.90193869025e-06 0.00017741829178800003 0.999782 0.000183019124684 0.0918271 2.45390301357e-05 0.0658715 2.19951812905e-05
2017-08-15 01:38:23 1.46969384567 0.0 0.207846096908 0.0112467 0.000133514 0.00147438 0.015178591306799999 4.456497049e-06 0.00026085556612799994 1.003512 0.000299559676859 0.1009316 0.000106788763454 0.07980554 1.8927926458e-05
2017-08-15 01:58:25 1.46969384567 0.0 0.24 0.0112505 0.0001297 0.00171947 0.015188850030000001 4.2055225000000005e-06 0.00035478924970800004 1.007328 0.000186804710861 0.1092808 5.22317910855e-05 0.09167356 1.87007593429e-05
2017-08-15 02:18:27 1.46969384567 0.0 0.2683281573 0.0112448 0.000136375 0.00194073 0.015173463244799998 4.64953515625e-06 0.00045197195194800004 1.01085 0.000182428068016 0.1176612 7.24579878274e-05 0.1022358 4.65377266312e-05
2017-08-15 02:58:29 1.46969384567 0.212132034356 0.0 0.0112495 0.000902176 2.57492e-05 0.015186150030000003 0.000203480383744 7.95625560768e-08 0.9952775 7.94905654779e-05 0.110501 7.42462120246e-05 0.0079502 9.59781485548e-05
2017-08-15 03:18:31 1.46969384567 0.212132034356 0.12 0.0112476 0.000906944 0.000861168 0.015181020691199998 0.00020563685478400002 8.899323890688e-05 0.997878 0.000457925758175 0.1177746 4.9568538409e-05 0.04730718 2.52007460207e-05
2017-08-15 03:38:33 1.46969384567 0.212132034356 0.169705627485 0.0112457 0.000900269 0.00122261 0.015175892218800002 0.00020262106809025 0.00017937302545200002 1.001408 0.000490444696169 0.1249244 9.86886011655e-05 0.06581158 1.24506064109e-05
2017-08-15 03:58:35 1.46969384567 0.212132034356 0.207846096908 0.0112514 0.000901222 0.00151825 0.015191280235200002 0.000203050273321 0.0002766099675 1.005046 0.000187040102652 0.135753 6.23121176016e-05 0.07968394 5.10756536914e-05
2017-08-15 04:18:37 1.46969384567 0.212132034356 0.24 0.0112476 0.000905991 0.00174141 0.015181020691199998 0.00020520492302025 0.00036390105457200005 1.0082 0.000502672855842 0.139258 0.000121768633071 0.09157502 3.27551766901e-05
2017-08-15 04:38:39 1.46969384567 0.212132034356 0.2683281573 0.0112362 0.000901222 0.00187683 0.015150262852799998 0.000203050273321 0.00042269890186799993 1.012312 0.000260415053328 0.1446362 4.27148686057e-05 0.102048 3.42520072405e-05
2017-08-15 05:18:41 1.46969384567 0.3 0.0 0.0112534 0.0012188 1.71661e-05 0.015196681387200001 0.00037136835999999993 3.536099870520001e-08 0.99739 0.000177763888346 0.1389186 7.69040961198e-05 0.0080761 0.000110597775746
2017-08-15 05:38:43 1.46969384567 0.3 0.12 0.0112505 0.00121689 0.000864983 0.015188850030000001 0.000370205318025 8.978347083468002e-05 1.000524 0.000140085688063 0.1432706 0.000135794845263 0.04723142 1.76190124581e-05
2017-08-15 05:58:45 1.46969384567 0.3 0.169705627485 0.0112572 0.0012188 0.00120544 0.0152069462208 0.00037136835999999993 0.00017437027123199997 1.003498 0.000354930979206 0.1492158 0.000124774035761 0.0656767 1.27851476331e-05
2017-08-15 06:18:47 1.46969384567 0.3 0.207846096908 0.0112514 0.00121498 0.00147533 0.015191280235200002 0.0003690441001 0.000261191833068 1.006582 0.000210656117879 0.1551268 0.000197474454044 0.0795293 2.20498526072e-05
2017-08-15 06:38:49 1.46969384567 0.3 0.24 0.0112495 0.0012207 0.00169849 0.015186150030000003 0.00037252712249999994 0.000346184193612 1.009958 0.000191248529406 0.1617748 0.000317654151555 0.09135264 1.59035341984e-05
2017-08-15 06:58:51 1.46969384567 0.3 0.2683281573 0.0112457 0.00121498 0.00192356 0.015175892218800002 0.0003690441001 0.00044400996883199996 1.01373 0.000316543835827 0.1698004 0.000130844334994 0.1017592 4.35311382805e-05
2017-08-15 07:38:53 1.46969384567 0.367423461417 0.0 0.0112505 0.00145912 7.62939e-06 0.015188850030000001 0.0005322577936 6.984911012652e-09 0.99869 0.000180554700853 0.1592828 5.62224154586e-05 0.00820332 9.15277531681e-05
2017-08-15 07:58:55 1.46969384567 0.367423461417 0.12 0.0112429 0.00146389 0.000831604 0.015168336049200001 0.0005357434830250001 8.298782553792e-05 1.00157 0.000201295802241 0.166113 0.000158765235489 0.04721852 2.04799804687e-05
2017-08-15 08:18:57 1.46969384567 0.367423461417 0.169705627485 0.0112457 0.00145912 0.00120926 0.015175892218800002 0.0005322577936 0.000175477169712 1.00448 0.000177313282074 0.1730854 0.000183322229967 0.06558452 2.35902861365e-05
2017-08-15 08:38:59 1.46969384567 0.367423461417 0.207846096908 0.0112543 0.00146008 0.00145721 0.0151991122188 0.0005329584016 0.000254815318092 1.007672 0.000184759302878 0.1799934 1.70716138663e-05 0.07944656 1.77521378994e-05
2017-08-15 08:59:01 1.46969384567 0.367423461417 0.24 0.0112438 0.0014658 0.00167942 0.015170764612800001 0.00053714241 0.000338454184368 1.01131 0.000109726933795 0.186686 0.000120487343734 0.0912074 2.01046263333e-05
2017-08-15 09:19:03 1.46969384567 0.367423461417 0.2683281573 0.0112486 0.00145435 0.00190353 0.0151837202352 0.000528783480625 0.000434811175308 1.014808 0.000119063008529 0.1931858 0.000220571439674 0.1016718 2.18851547858e-05
2017-08-15 09:59:05 1.46969384567 0.424264068712 0.0 0.0112495 0.00166798 0.0 0.015186150030000003 0.0006955393200999999 0.0 0.999608 0.000295458965002 0.1853346 0.000299042204379 0.00836112 9.80443042711e-05
2017-08-15 10:19:07 1.46969384567 0.424264068712 0.12 0.0112476 0.00166893 0.000857353 0.015181020691199998 0.0006963318362249998 8.820649999308001e-05 1.002352 0.0002536454218 0.1906972 0.00013197636152 0.04721218 2.28425392634e-05
2017-08-15 10:39:09 1.46969384567 0.424264068712 0.169705627485 0.0112476 0.00166988 0.00120735 0.015181020691199998 0.0006971248036 0.00017492328270000003 1.005656 0.000482269634126 0.1963572 0.000160970059328 0.06554176 3.81101351349e-05
2017-08-15 10:59:11 1.46969384567 0.424264068712 0.207846096908 0.0112514 0.00167942 0.00146866 0.015191280235200002 0.0007051128841000001 0.00025883546347200005 1.009436 0.000301768122902 0.2020616 0.000211534016177 0.07932382 4.75429658309e-05
2017-08-15 11:19:13 1.46969384567 0.424264068712 0.24 0.0112562 0.00166988 0.00170135 0.015204244612799999 0.0006971248036 0.00034735101869999997 1.012432 0.000358574957296 0.2075508 0.000135623596767 0.09106546 3.23482673415e-05
2017-08-15 11:39:15 1.46969384567 0.424264068712 0.2683281573 0.0112505 0.00166893 0.00189304 0.015188850030000001 0.0006963318362249998 0.00043003205299199995 1.016708 0.000302218464029 0.2126158 0.000301593368627 0.1014178 4.62575399259e-05
2017-08-15 12:19:17 1.46969384567 0.474341649025 0.0 0.0112514 0.00185299 9.53674e-07 0.015191280235200002 0.0008583929850250001 1.0913929179312e-10 1.001012 0.000137025545064 0.205529 0.000280121402253 0.00851326 9.02400930851e-05
2017-08-15 12:39:19 1.46969384567 0.474341649025 0.12 0.0112505 0.0018568 0.000834465 0.015188850030000001 0.0008619265600000001 8.355982034699998e-05 1.003992 0.000202524072643 0.2103834 0.000234916666075 0.04721708 3.34311471535e-05
2017-08-15 12:59:21 1.46969384567 0.474341649025 0.169705627485 0.0112495 0.0018549 0.00120258 0.015186150030000003 0.0008601635025 0.00017354383876799998 1.007424 0.000236609382739 0.214923 0.000265136945747 0.06548054 7.70469986437e-06
2017-08-15 13:19:23 1.46969384567 0.474341649025 0.207846096908 0.0112524 0.00184917 0.0014658 0.015193980691199998 0.000854857422225 0.0002578283568 1.010462 0.000176567267635 0.2197108 0.000306810299697 0.07928418 4.86222747308e-05
2017-08-15 13:39:25 1.46969384567 0.474341649025 0.24 0.0112467 0.0018568 0.0017004 0.015178591306799999 0.0008619265600000001 0.0003469632192 1.014042 0.000365371044282 0.2246456 0.000185341414692 0.09095346 3.94571970621e-05
2017-08-15 13:59:27 1.46969384567 0.474341649025 0.2683281573 0.0112495 0.00185966 0.00192642 0.015186150030000003 0.0008645838289 0.00044533128196800004 1.017874 0.000426642707661 0.229034 0.000168055943067 0.1013026 5.59378226248e-05
