# GR31310 calibration file, created 2018-04-03 13:28:04.434405
# Temperature	Resistance
# 		[K]				[Ohms]
# 
1.09556000e-01 3.77771900e+02
1.09556000e-01 3.77771900e+02
1.09556000e-01 3.77771900e+02
1.09556000e-01 3.77771900e+02
1.09556000e-01 3.77771900e+02
1.09556000e-01 3.77771900e+02
1.09556000e-01 3.77771900e+02
1.09556000e-01 3.77771900e+02
1.09556000e-01 3.77771900e+02
1.09556000e-01 3.77771900e+02
1.09556000e-01 3.77771900e+02
1.09556000e-01 3.77771900e+02
1.09556000e-01 3.77771900e+02
1.09556000e-01 3.77771900e+02
1.09556000e-01 3.77771900e+02
1.09556000e-01 3.77771900e+02
1.09556000e-01 3.77771900e+02
1.09556000e-01 3.77771900e+02
1.09556000e-01 3.77771900e+02
1.09556000e-01 3.77771900e+02
1.09556000e-01 3.77771900e+02
1.09556000e-01 3.77771900e+02
1.09556000e-01 3.77771900e+02
1.09556000e-01 3.77771900e+02
1.09556000e-01 3.77771900e+02
1.09556000e-01 3.77771900e+02
1.09556000e-01 3.77771900e+02
1.09556000e-01 3.77771900e+02
1.09556000e-01 3.77771900e+02
1.09556000e-01 3.77771900e+02
1.09556000e-01 3.77771900e+02
1.09556000e-01 3.77771900e+02
1.09556000e-01 3.77771900e+02
1.09556000e-01 3.77771900e+02
1.09556000e-01 3.77771900e+02
1.09556000e-01 3.77771900e+02
1.09556000e-01 3.77771900e+02
1.09556000e-01 3.77771900e+02
1.09556000e-01 3.77771900e+02
1.09556000e-01 3.77771900e+02
1.09556000e-01 3.77771900e+02
1.09556000e-01 3.77771900e+02
1.09556000e-01 3.77771900e+02
1.09556000e-01 3.77771900e+02
1.09556000e-01 3.77771900e+02
1.09556000e-01 3.77771900e+02
1.09556000e-01 3.77771900e+02
1.09556000e-01 3.77771900e+02
1.09556000e-01 3.77771900e+02
1.09556000e-01 3.79880633e+02
1.09556000e-01 3.77330381e+02
1.09556000e-01 3.70194767e+02
1.19133000e-01 3.61669414e+02
1.19133000e-01 3.52362214e+02
1.23999000e-01 3.43373805e+02
1.31632000e-01 3.38666652e+02
1.31858000e-01 3.33750543e+02
1.39445000e-01 3.31255290e+02
1.40841000e-01 3.27073705e+02
1.50845000e-01 3.18819600e+02
1.56025000e-01 3.08240195e+02
1.56025000e-01 2.97218467e+02
1.64873000e-01 2.88996124e+02
1.70880000e-01 2.85185633e+02
1.75133000e-01 2.79429676e+02
1.80062000e-01 2.72823452e+02
1.85012000e-01 2.67825562e+02
1.89620000e-01 2.63686429e+02
1.95671000e-01 2.61269348e+02
2.00437000e-01 2.60150638e+02
2.19828000e-01 2.59673843e+02
2.40569000e-01 2.60914438e+02
2.59244000e-01 2.57594805e+02
2.80130000e-01 2.48699114e+02
3.00573000e-01 2.34437605e+02
3.19841000e-01 2.16799824e+02
3.39932000e-01 1.99103610e+02
3.59988000e-01 1.85233533e+02
3.79679000e-01 1.72043600e+02
4.04364000e-01 1.60340905e+02
4.22256000e-01 1.50201338e+02
4.41998000e-01 1.41404714e+02
4.61525000e-01 1.33391067e+02
4.81929000e-01 1.25932914e+02
5.03785000e-01 1.18616882e+02
5.34062000e-01 1.11165172e+02
5.67035000e-01 1.04388785e+02
5.95381000e-01 9.82122167e+01
6.27083000e-01 9.28006543e+01
6.58282000e-01 8.75304248e+01
6.95274000e-01 8.24413014e+01
7.33180000e-01 7.79436662e+01
7.64325000e-01 7.39526143e+01
7.98295000e-01 7.07485386e+01
8.41829000e-01 6.76980119e+01
8.82778000e-01 6.50682557e+01
9.26806000e-01 6.27556400e+01
9.60863000e-01 6.05475338e+01
9.94273000e-01 5.86103590e+01
1.03497000e+00 5.66753890e+01
1.09509000e+00 5.06879976e+01
1.14359000e+00 4.34551048e+01
1.18303000e+00 3.65183962e+01
1.18303000e+00 3.15068524e+01
1.33202000e+00 2.90912376e+01
1.43101000e+00 2.90517338e+01
1.58738000e+00 2.74248757e+01
1.58738000e+00 2.60531690e+01
1.78642000e+00 2.48832781e+01
1.95407000e+00 2.40402514e+01
2.07736000e+00 2.30894162e+01
2.14068000e+00 2.26820552e+01
2.14068000e+00 2.24504200e+01
2.14068000e+00 2.24704190e+01
2.14068000e+00 2.25218800e+01
2.14068000e+00 2.25218800e+01
2.14068000e+00 2.25218800e+01
2.14068000e+00 2.25218800e+01
2.14068000e+00 2.25218800e+01
2.14068000e+00 2.25218800e+01
2.14068000e+00 2.25218800e+01
2.14068000e+00 2.25218800e+01
2.14068000e+00 2.28562971e+01
2.14068000e+00 2.23546714e+01
2.14068000e+00 2.13514200e+01
7.14412000e+00 2.01809600e+01
7.14412000e+00 1.91777086e+01
7.14412000e+00 1.86760829e+01
7.14412000e+00 1.90105000e+01
7.14412000e+00 1.90105000e+01
7.14412000e+00 1.90402810e+01
7.14412000e+00 1.89956095e+01
7.14412000e+00 1.89062667e+01
8.35084000e+00 1.88020333e+01
8.35084000e+00 1.87209371e+01
8.35084000e+00 1.86638957e+01
8.35084000e+00 1.86689367e+01
1.03195000e+01 1.86400733e+01
1.03195000e+01 1.86222733e+01
1.03195000e+01 1.85994933e+01
1.03195000e+01 1.85869200e+01
1.13898000e+01 1.85681214e+01
1.13898000e+01 1.85390643e+01
1.13898000e+01 1.85233133e+01
1.33541000e+01 1.84943333e+01
1.33541000e+01 1.84589095e+01
1.41429000e+01 1.84188967e+01
1.41429000e+01 1.83043367e+01
1.49709000e+01 1.81688810e+01
1.63430000e+01 1.80300143e+01
1.63430000e+01 1.78591914e+01
1.69809000e+01 1.76833443e+01
1.81233000e+01 1.74933157e+01
1.85790000e+01 1.72620638e+01
1.90663000e+01 1.70030857e+01
1.98632000e+01 1.66669324e+01
2.10544000e+01 1.61647490e+01
2.20641000e+01 1.54074148e+01
2.29093000e+01 1.45355019e+01
2.47483000e+01 1.37092567e+01
2.60165000e+01 1.28890610e+01
2.73377000e+01 1.21456828e+01
2.90182000e+01 1.14063167e+01
3.01478000e+01 1.05915060e+01
3.17188000e+01 9.83059748e+00
3.31848000e+01 9.14342295e+00
3.48495000e+01 8.50755329e+00
3.64161000e+01 7.95935495e+00
3.81295000e+01 7.44516648e+00
4.01125000e+01 6.95851781e+00
4.19679000e+01 6.50901324e+00
4.37478000e+01 6.09071814e+00
4.54765000e+01 5.73767600e+00
4.72586000e+01 5.41943390e+00
4.89681000e+01 5.12305486e+00
5.10917000e+01 4.85122052e+00
5.28088000e+01 4.59808990e+00
5.51610000e+01 4.37159800e+00
5.67588000e+01 4.16858076e+00
5.87858000e+01 3.97821719e+00
6.11110000e+01 3.80534352e+00
6.29912000e+01 3.64556786e+00
6.50000000e+01 3.51195286e+00
6.70957000e+01 3.38368238e+00
6.91446000e+01 3.26082557e+00
7.15821000e+01 3.14540467e+00
7.38538000e+01 3.03165157e+00
7.66476000e+01 2.92377157e+00
7.89757000e+01 2.83019619e+00
8.17520000e+01 2.74321314e+00
8.39553000e+01 2.66927062e+00
8.64982000e+01 2.60630262e+00
8.89283000e+01 2.55082490e+00
9.15360000e+01 2.49987586e+00
9.39710000e+01 2.46107414e+00
9.63089000e+01 2.43163221e+00
9.71452000e+01 2.41155007e+00
