21-03-18 10:58:06 0.0 0.0 0.06 0.02 3.6 0.048
21-03-18 10:58:07 0.0 0.12 0.06 0.02 3.6 0.048
21-03-18 10:58:09 0.0 0.16970562748477142 0.06 0.02 3.6 0.048
21-03-18 10:58:10 0.0 0.20784609690826525 0.06 0.02 3.6 0.048
21-03-18 10:58:11 0.0 0.24 0.06 0.02 3.6 0.048
21-03-18 10:58:12 0.0 0.2683281572999747 0.06 0.02 3.6 0.048
21-03-18 10:58:14 20.0 0.0 0.06 0.02 3.6 0.048
21-03-18 10:58:16 20.0 0.12 0.06 0.02 3.6 0.048
21-03-18 10:58:17 20.0 0.16970562748477142 0.06 0.02 3.6 0.048
21-03-18 10:58:18 20.0 0.20784609690826525 0.06 0.02 3.6 0.048
21-03-18 10:58:19 20.0 0.24 0.06 0.02 3.6 0.048
21-03-18 10:58:20 20.0 0.2683281572999747 0.06 0.02 3.6 0.048
21-03-18 10:58:23 28.284271247461902 0.0 0.06 0.02 3.6 0.048
21-03-18 10:58:24 28.284271247461902 0.12 0.06 0.02 3.6 0.048
21-03-18 10:58:25 28.284271247461902 0.16970562748477142 0.06 0.02 3.6 0.048
21-03-18 10:58:26 28.284271247461902 0.20784609690826525 0.06 0.02 3.6 0.048
21-03-18 10:58:27 28.284271247461902 0.24 0.06 0.02 3.6 0.048
21-03-18 10:58:29 28.284271247461902 0.2683281572999747 0.06 0.02 3.6 0.048
21-03-18 10:58:31 34.64101615137755 0.0 0.06 0.02 3.6 0.048
21-03-18 10:58:32 34.64101615137755 0.12 0.06 0.02 3.6 0.048
21-03-18 10:58:33 34.64101615137755 0.16970562748477142 0.06 0.02 3.6 0.048
21-03-18 10:58:34 34.64101615137755 0.20784609690826525 0.06 0.02 3.6 0.048
21-03-18 10:58:36 34.64101615137755 0.24 0.06 0.02 3.6 0.048
21-03-18 10:58:37 34.64101615137755 0.2683281572999747 0.06 0.02 3.6 0.048
21-03-18 10:58:39 40.0 0.0 0.06 0.02 3.6 0.048
21-03-18 10:58:40 40.0 0.12 0.06 0.02 3.6 0.048
21-03-18 10:58:41 40.0 0.16970562748477142 0.06 0.02 3.6 0.048
21-03-18 10:58:43 40.0 0.20784609690826525 0.06 0.02 3.6 0.048
21-03-18 10:58:44 40.0 0.24 0.06 0.02 3.6 0.048
21-03-18 10:58:45 40.0 0.2683281572999747 0.06 0.02 3.6 0.048
21-03-18 10:58:47 44.721359549995796 0.0 0.06 0.02 3.6 0.048
21-03-18 10:58:48 44.721359549995796 0.12 0.06 0.02 3.6 0.048
21-03-18 10:58:50 44.721359549995796 0.16970562748477142 0.06 0.02 3.6 0.048
21-03-18 10:58:51 44.721359549995796 0.20784609690826525 0.06 0.02 3.6 0.048
21-03-18 10:58:52 44.721359549995796 0.24 0.06 0.02 3.6 0.048
21-03-18 10:58:53 44.721359549995796 0.2683281572999747 0.06 0.02 3.6 0.048
